 0.00100    0.16000E+04  0.4825E-051  0.5282E-044  0.2739E-038  0.1787E-033  0.2254E-029  0.1808E-025  0.1366E-021  0.4975E-018  0.5971E-015  0.2193E-012  0.5677E-010  0.6953E-008  0.4040E-006  0.1942E-004  0.1224E-002  0.3680E-001  0.7305E+000  0.2048E+000  0.2666E-001
 0.03193    0.15971E+04  0.5041E-051  0.5508E-044  0.2850E-038  0.1855E-033  0.2334E-029  0.1868E-025  0.1408E-021  0.5117E-018  0.6125E-015  0.2244E-012  0.5789E-010  0.7068E-008  0.4094E-006  0.1961E-004  0.1232E-002  0.3693E-001  0.7317E+000  0.2038E+000  0.2635E-001
 0.06190    0.15891E+04  0.5690E-051  0.6184E-044  0.3181E-038  0.2057E-033  0.2571E-029  0.2045E-025  0.1532E-021  0.5532E-018  0.6574E-015  0.2389E-012  0.6110E-010  0.7395E-008  0.4245E-006  0.2016E-004  0.1254E-002  0.3727E-001  0.7349E+000  0.2010E+000  0.2548E-001
 0.09095    0.15766E+04  0.6894E-051  0.7429E-044  0.3785E-038  0.2422E-033  0.2997E-029  0.2361E-025  0.1751E-021  0.6259E-018  0.7352E-015  0.2639E-012  0.6655E-010  0.7943E-008  0.4496E-006  0.2104E-004  0.1290E-002  0.3782E-001  0.7400E+000  0.1967E+000  0.2416E-001
 0.11910    0.15599E+04  0.8914E-051  0.9498E-044  0.4777E-038  0.3015E-033  0.3680E-029  0.2861E-025  0.2094E-021  0.7384E-018  0.8541E-015  0.3015E-012  0.7462E-010  0.8741E-008  0.4855E-006  0.2229E-004  0.1339E-002  0.3856E-001  0.7466E+000  0.1910E+000  0.2249E-001
 0.14638    0.15396E+04  0.1224E-050  0.1286E-043  0.6366E-038  0.3951E-033  0.4741E-029  0.3626E-025  0.2612E-021  0.9054E-018  0.1028E-014  0.3553E-012  0.8593E-010  0.9835E-008  0.5336E-006  0.2392E-004  0.1402E-002  0.3948E-001  0.7546E+000  0.1840E+000  0.2056E-001
 0.17281    0.15161E+04  0.1777E-050  0.1836E-043  0.8921E-038  0.5428E-033  0.6386E-029  0.4792E-025  0.3386E-021  0.1151E-017  0.1277E-014  0.4310E-012  0.1014E-009  0.1129E-007  0.5962E-006  0.2599E-004  0.1480E-002  0.4056E-001  0.7636E+000  0.1759E+000  0.1846E-001
 0.19843    0.14898E+04  0.2716E-050  0.2755E-043  0.1310E-037  0.7793E-033  0.8964E-029  0.6581E-025  0.4551E-021  0.1512E-017  0.1635E-014  0.5369E-012  0.1225E-009  0.1322E-007  0.6761E-006  0.2854E-004  0.1572E-002  0.4179E-001  0.7734E+000  0.1669E+000  0.1631E-001
 0.22326    0.14611E+04  0.4357E-050  0.4327E-043  0.2010E-037  0.1166E-032  0.1308E-028  0.9370E-025  0.6325E-021  0.2048E-017  0.2153E-014  0.6856E-012  0.1511E-009  0.1574E-007  0.7775E-006  0.3167E-004  0.1680E-002  0.4318E-001  0.7838E+000  0.1572E+000  0.1416E-001
 0.24732    0.14303E+04  0.7312E-050  0.7096E-043  0.3211E-037  0.1812E-032  0.1977E-028  0.1380E-024  0.9070E-021  0.2857E-017  0.2911E-014  0.8960E-012  0.1900E-009  0.1906E-007  0.9057E-006  0.3547E-004  0.1806E-002  0.4470E-001  0.7945E+000  0.1469E+000  0.1210E-001
 0.27064    0.13978E+04  0.1280E-049  0.1212E-042  0.5332E-037  0.2921E-032  0.3093E-028  0.2097E-024  0.1340E-020  0.4094E-017  0.4034E-014  0.1197E-011  0.2436E-009  0.2344E-007  0.1068E-005  0.4006E-004  0.1951E-002  0.4636E-001  0.8053E+000  0.1362E+000  0.1016E-001
 0.29324    0.13639E+04  0.2332E-049  0.2149E-042  0.9177E-037  0.4870E-032  0.4996E-028  0.3285E-024  0.2034E-020  0.6020E-017  0.5722E-014  0.1632E-011  0.3177E-009  0.2923E-007  0.1273E-005  0.4562E-004  0.2117E-002  0.4814E-001  0.8161E+000  0.1252E+000  0.8394E-002
 0.31513    0.13289E+04  0.4411E-049  0.3951E-042  0.1635E-036  0.8386E-032  0.8317E-028  0.5293E-024  0.3172E-020  0.9070E-017  0.8296E-014  0.2269E-011  0.4214E-009  0.3696E-007  0.1534E-005  0.5234E-004  0.2307E-002  0.5005E-001  0.8266E+000  0.1142E+000  0.6819E-002
 0.33636    0.12929E+04  0.8647E-049  0.7517E-042  0.3007E-036  0.1489E-031  0.1425E-027  0.8762E-024  0.5072E-020  0.1399E-016  0.1229E-013  0.3215E-011  0.5679E-009  0.4735E-007  0.1867E-005  0.6048E-004  0.2524E-002  0.5207E-001  0.8366E+000  0.1033E+000  0.5445E-002
 0.35692    0.12563E+04  0.1754E-048  0.1477E-041  0.5707E-036  0.2723E-031  0.2510E-027  0.1488E-023  0.8306E-020  0.2205E-016  0.1856E-013  0.4635E-011  0.7769E-009  0.6140E-007  0.2295E-005  0.7036E-004  0.2771E-002  0.5422E-001  0.8461E+000  0.9260E-001  0.4274E-002
 0.37685    0.12193E+04  0.3677E-048  0.2996E-041  0.1115E-035  0.5119E-031  0.4539E-027  0.2591E-023  0.1392E-019  0.3550E-016  0.2860E-013  0.6800E-011  0.1079E-008  0.8058E-007  0.2846E-005  0.8239E-004  0.3052E-002  0.5649E-001  0.8548E+000  0.8229E-001  0.3297E-002
 0.39617    0.11820E+04  0.7952E-048  0.6259E-041  0.2244E-035  0.9890E-031  0.8420E-027  0.4620E-023  0.2385E-019  0.5836E-016  0.4489E-013  0.1014E-010  0.1519E-008  0.1070E-006  0.3562E-005  0.9708E-004  0.3373E-002  0.5888E-001  0.8627E+000  0.7246E-001  0.2497E-002
 0.41489    0.11446E+04  0.1772E-047  0.1346E-040  0.4638E-035  0.1961E-030  0.1601E-026  0.8432E-023  0.4177E-019  0.9787E-016  0.7176E-013  0.1537E-010  0.2168E-008  0.1436E-006  0.4498E-005  0.1151E-003  0.3739E-002  0.6140E-001  0.8697E+000  0.6322E-001  0.1857E-002
 0.43303    0.11072E+04  0.4068E-047  0.2977E-040  0.9849E-035  0.3989E-030  0.3117E-026  0.1574E-022  0.7468E-019  0.1673E-015  0.1168E-012  0.2367E-010  0.3138E-008  0.1950E-006  0.5728E-005  0.1373E-003  0.4158E-002  0.6406E-001  0.8757E+000  0.5462E-001  0.1356E-002
 0.45060    0.10701E+04  0.9608E-047  0.6766E-040  0.2146E-034  0.8316E-030  0.6215E-026  0.3003E-022  0.1363E-018  0.2916E-015  0.1934E-012  0.3703E-010  0.4602E-008  0.2677E-006  0.7357E-005  0.1647E-003  0.4638E-002  0.6687E-001  0.8806E+000  0.4673E-001  0.9705E-003
 0.46764    0.10333E+04  0.2333E-046  0.1579E-039  0.4798E-034  0.1776E-029  0.1268E-025  0.5855E-022  0.2539E-018  0.5179E-015  0.3259E-012  0.5881E-010  0.6841E-008  0.3715E-006  0.9530E-005  0.1989E-003  0.5191E-002  0.6984E-001  0.8845E+000  0.3956E-001  0.6811E-003
 0.48415    0.99692E+03  0.5822E-046  0.3783E-039  0.1100E-033  0.3886E-029  0.2645E-025  0.1166E-021  0.4825E-018  0.9370E-015  0.5587E-012  0.9486E-010  0.1030E-007  0.5212E-006  0.1245E-004  0.2417E-003  0.5830E-002  0.7299E-001  0.8873E+000  0.3315E-001  0.4682E-003
 0.50015    0.96105E+03  0.1492E-045  0.9298E-039  0.2584E-033  0.8704E-029  0.5645E-025  0.2373E-021  0.9352E-018  0.1727E-014  0.9744E-012  0.1554E-009  0.1573E-007  0.7393E-006  0.1641E-004  0.2955E-003  0.6569E-002  0.7636E-001  0.8890E+000  0.2746E-001  0.3151E-003
 0.51565    0.92577E+03  0.3927E-045  0.2344E-038  0.6219E-033  0.1996E-028  0.1232E-024  0.4931E-021  0.1849E-017  0.3241E-014  0.1729E-011  0.2584E-009  0.2433E-007  0.1060E-005  0.2183E-004  0.3637E-003  0.7430E-002  0.7996E-001  0.8895E+000  0.2250E-001  0.2074E-003
 0.53068    0.89115E+03  0.1061E-044  0.6060E-038  0.1534E-032  0.4683E-028  0.2748E-024  0.1046E-020  0.3728E-017  0.6197E-014  0.3120E-011  0.4365E-009  0.3816E-007  0.1538E-005  0.2930E-004  0.4507E-003  0.8436E-002  0.8384E-001  0.8889E+000  0.1821E-001  0.1335E-003
 0.54524    0.85725E+03  0.2941E-044  0.1606E-037  0.3875E-032  0.1125E-027  0.6267E-024  0.2267E-020  0.7667E-017  0.1207E-013  0.5731E-011  0.7488E-009  0.6067E-007  0.2258E-005  0.3969E-004  0.5624E-003  0.9619E-002  0.8804E-001  0.8871E+000  0.1456E-001  0.8384E-004
 0.55935    0.82412E+03  0.8369E-044  0.4366E-037  0.1003E-031  0.2764E-027  0.1461E-023  0.5018E-020  0.1608E-016  0.2395E-013  0.1071E-010  0.1305E-008  0.9782E-007  0.3352E-005  0.5428E-004  0.7070E-003  0.1102E-001  0.9260E-001  0.8841E+000  0.1149E-001  0.5138E-004
 0.57303    0.79179E+03  0.2444E-043  0.1216E-036  0.2658E-031  0.6954E-027  0.3485E-023  0.1134E-019  0.3442E-016  0.4843E-013  0.2038E-010  0.2312E-008  0.1600E-006  0.5037E-005  0.7498E-004  0.8954E-003  0.1267E-001  0.9759E-001  0.8798E+000  0.8944E-002  0.3068E-004
 0.58628    0.76030E+03  0.7321E-043  0.3474E-036  0.7217E-031  0.1791E-026  0.8497E-023  0.2619E-019  0.7515E-016  0.9978E-013  0.3947E-010  0.4162E-008  0.2655E-006  0.7664E-005  0.1046E-003  0.1143E-002  0.1465E-001  0.1031E+000  0.8741E+000  0.6864E-002  0.1783E-004
 0.59913    0.72968E+03  0.2251E-042  0.1017E-035  0.2008E-030  0.4720E-026  0.2119E-022  0.6180E-019  0.1675E-015  0.2096E-012  0.7784E-010  0.7617E-008  0.4471E-006  0.1181E-004  0.1475E-003  0.1471E-002  0.1703E-001  0.1091E+000  0.8670E+000  0.5189E-002  0.1007E-004
 0.61157    0.69993E+03  0.7101E-042  0.3054E-035  0.5722E-030  0.1274E-025  0.5406E-022  0.1490E-018  0.3809E-015  0.4487E-012  0.1564E-009  0.1418E-007  0.7643E-006  0.1843E-004  0.2102E-003  0.1909E-002  0.1989E-001  0.1158E+000  0.8583E+000  0.3861E-002  0.5521E-005
 0.62364    0.67108E+03  0.2299E-041  0.9399E-035  0.1671E-029  0.3519E-025  0.1411E-021  0.3670E-018  0.8842E-015  0.9796E-012  0.3201E-009  0.2683E-007  0.1327E-005  0.2913E-004  0.3028E-003  0.2499E-002  0.2337E-001  0.1232E+000  0.8478E+000  0.2825E-002  0.2934E-005
 0.63532    0.64313E+03  0.7634E-041  0.2966E-034  0.4998E-029  0.9953E-025  0.3766E-021  0.9241E-018  0.2095E-014  0.2180E-011  0.6675E-009  0.5166E-007  0.2339E-005  0.4667E-004  0.4411E-003  0.3299E-002  0.2760E-001  0.1314E+000  0.8352E+000  0.2031E-002  0.1508E-005
 0.64665    0.61608E+03  0.2601E-040  0.9592E-034  0.1532E-028  0.2882E-024  0.1028E-020  0.2378E-017  0.5068E-014  0.4949E-011  0.1418E-008  0.1012E-006  0.4187E-005  0.7575E-004  0.6495E-003  0.4392E-002  0.3278E-001  0.1404E+000  0.8202E+000  0.1432E-002  0.7485E-006
 0.65763    0.58994E+03  0.9089E-040  0.3179E-033  0.4807E-028  0.8541E-024  0.2872E-020  0.6250E-017  0.1251E-013  0.1145E-010  0.3069E-008  0.2015E-006  0.7610E-005  0.1246E-003  0.9667E-003  0.5897E-002  0.3913E-001  0.1504E+000  0.8025E+000  0.9895E-003  0.3581E-006
 0.66827    0.56469E+03  0.3255E-039  0.1079E-032  0.1544E-027  0.2590E-023  0.8198E-020  0.1678E-016  0.3151E-013  0.2699E-010  0.6764E-008  0.4081E-006  0.1404E-004  0.2074E-003  0.1454E-002  0.7981E-002  0.4691E-001  0.1613E+000  0.7815E+000  0.6688E-003  0.1647E-006
 0.67858    0.54034E+03  0.1194E-038  0.3750E-032  0.5075E-027  0.8027E-023  0.2391E-019  0.4598E-016  0.8090E-013  0.6480E-010  0.1517E-007  0.8398E-006  0.2627E-004  0.3496E-003  0.2208E-002  0.1088E-001  0.5647E-001  0.1730E+000  0.7566E+000  0.4414E-003  0.7262E-007
 0.68857    0.51686E+03  0.4482E-038  0.1332E-031  0.1704E-026  0.2541E-022  0.7117E-019  0.1284E-015  0.2115E-012  0.1583E-009  0.3461E-007  0.1754E-005  0.4983E-004  0.5958E-003  0.3383E-002  0.1492E-001  0.6814E-001  0.1855E+000  0.7271E+000  0.2838E-003  0.3061E-007
 0.69825    0.49426E+03  0.1718E-037  0.4830E-031  0.5838E-026  0.8202E-022  0.2158E-018  0.3653E-015  0.5624E-012  0.3926E-009  0.8013E-007  0.3713E-005  0.9564E-004  0.1025E-002  0.5219E-002  0.2056E-001  0.8231E-001  0.1983E+000  0.6923E+000  0.1773E-003  0.1229E-007
 0.70764    0.47251E+03  0.6714E-037  0.1784E-030  0.2036E-025  0.2694E-021  0.6655E-018  0.1055E-014  0.1517E-011  0.9870E-009  0.1880E-006  0.7951E-005  0.1853E-003  0.1776E-002  0.8091E-002  0.2838E-001  0.9927E-001  0.2109E+000  0.6513E+000  0.1072E-003  0.4677E-008
 0.71673    0.45160E+03  0.2665E-036  0.6689E-030  0.7206E-025  0.8974E-021  0.2080E-017  0.3087E-014  0.4141E-011  0.2508E-008  0.4454E-006  0.1717E-004  0.3616E-003  0.3091E-002  0.1257E-001  0.3915E-001  0.1192E+000  0.2223E+000  0.6033E+000  0.6251E-004  0.1679E-008
 0.72554    0.43150E+03  0.1071E-035  0.2536E-029  0.2578E-024  0.3020E-020  0.6565E-017  0.9108E-014  0.1139E-010  0.6411E-008  0.1062E-005  0.3724E-004  0.7074E-003  0.5382E-002  0.1947E-001  0.5372E-001  0.1417E+000  0.2312E+000  0.5477E+000  0.3494E-004  0.5649E-009
 0.73409    0.41221E+03  0.4328E-035  0.9671E-029  0.9270E-024  0.1021E-019  0.2080E-016  0.2696E-013  0.3137E-010  0.1640E-007  0.2533E-005  0.8066E-004  0.1380E-002  0.9319E-002  0.2993E-001  0.7292E-001  0.1660E+000  0.2360E+000  0.4843E+000  0.1859E-004  0.1767E-009
 0.74236    0.39370E+03  0.1748E-034  0.3682E-028  0.3327E-023  0.3444E-019  0.6570E-016  0.7946E-013  0.8597E-010  0.4171E-007  0.6002E-005  0.1733E-003  0.2665E-002  0.1594E-001  0.4532E-001  0.9719E-001  0.1902E+000  0.2344E+000  0.4140E+000  0.9336E-005  0.5087E-010
 0.75038    0.37595E+03  0.6990E-034  0.1388E-027  0.1181E-022  0.1149E-018  0.2051E-015  0.2313E-012  0.2324E-009  0.1045E-006  0.1401E-004  0.3662E-003  0.5054E-002  0.2669E-001  0.6700E-001  0.1261E+000  0.2112E+000  0.2246E+000  0.3390E+000  0.4380E-005  0.1333E-010
 0.75816    0.35894E+03  0.2742E-033  0.5125E-027  0.4109E-022  0.3754E-018  0.6267E-015  0.6582E-012  0.6137E-009  0.2554E-006  0.3191E-004  0.7535E-003  0.9316E-002  0.4333E-001  0.9573E-001  0.1576E+000  0.2248E+000  0.2054E+000  0.2630E+000  0.1898E-005  0.3140E-011
 0.76569    0.34265E+03  0.1044E-032  0.1836E-026  0.1386E-021  0.1189E-017  0.1855E-014  0.1813E-011  0.1566E-008  0.6026E-006  0.7017E-004  0.1494E-002  0.1652E-001  0.6750E-001  0.1309E+000  0.1877E+000  0.2272E+000  0.1773E+000  0.1913E+000  0.7504E-006  0.6560E-012
 0.77299    0.32705E+03  0.3824E-032  0.6328E-026  0.4496E-021  0.3617E-017  0.5273E-014  0.4792E-011  0.3832E-008  0.1361E-005  0.1477E-003  0.2832E-002  0.2795E-001  0.1000E+000  0.1696E+000  0.2114E+000  0.2158E+000  0.1432E+000  0.1292E+000  0.2678E-006  0.1201E-012
 0.78006    0.31213E+03  0.1340E-031  0.2084E-025  0.1394E-020  0.1052E-016  0.1431E-013  0.1208E-010  0.8932E-008  0.2926E-005  0.2959E-003  0.5100E-002  0.4484E-001  0.1401E+000  0.2071E+000  0.2234E+000  0.1914E+000  0.1073E+000  0.8040E-001  0.8558E-007  0.1908E-013
 0.78692    0.29786E+03  0.4481E-031  0.6550E-025  0.4119E-020  0.2914E-016  0.3698E-013  0.2898E-010  0.1979E-007  0.5972E-005  0.5631E-003  0.8704E-002  0.6805E-001  0.1852E+000  0.2378E+000  0.2210E+000  0.1582E+000  0.7451E-001  0.4600E-001  0.2438E-007  0.2616E-014
 0.79356    0.28422E+03  0.1432E-030  0.1966E-024  0.1162E-019  0.7706E-016  0.9120E-013  0.6625E-010  0.4175E-007  0.1159E-004  0.1019E-002  0.1410E-001  0.9786E-001  0.2311E+000  0.2569E+000  0.2050E+000  0.1218E+000  0.4791E-001  0.2419E-001  0.6186E-008  0.3089E-015
 0.80000    0.27119E+03  0.4390E-030  0.5658E-024  0.3144E-019  0.1953E-015  0.2154E-012  0.1449E-009  0.8416E-007  0.2147E-004  0.1760E-002  0.2178E-001  0.1338E+000  0.2735E+000  0.2622E+000  0.1788E+000  0.8775E-001  0.2861E-001  0.1173E-001  0.1400E-008  0.3140E-016
 0.80624    0.25874E+03  0.1297E-029  0.1569E-023  0.8192E-019  0.4765E-015  0.4894E-012  0.3047E-009  0.1629E-006  0.3814E-004  0.2918E-002  0.3220E-001  0.1749E+000  0.3083E+000  0.2538E+000  0.1473E+000  0.5933E-001  0.1593E-001  0.5256E-002  0.2830E-009  0.2750E-017
 0.81229    0.24686E+03  0.3711E-029  0.4210E-023  0.2065E-018  0.1125E-014  0.1075E-011  0.6189E-009  0.3043E-006  0.6529E-004  0.4664E-002  0.4582E-001  0.2195E+000  0.3326E+000  0.2341E+000  0.1151E+000  0.3779E-001  0.8295E-002  0.2186E-002  0.5123E-010  0.2075E-018
 0.81815    0.23552E+03  0.1032E-028  0.1098E-022  0.5059E-018  0.2578E-014  0.2292E-011  0.1219E-008  0.5505E-006  0.1081E-003  0.7215E-002  0.6298E-001  0.2655E+000  0.3446E+000  0.2065E+000  0.8552E-001  0.2276E-001  0.4052E-002  0.8455E-003  0.8311E-011  0.1349E-019
 0.82383    0.22470E+03  0.2801E-028  0.2793E-022  0.1208E-017  0.5761E-014  0.4761E-011  0.2336E-008  0.9681E-006  0.1738E-003  0.1084E-001  0.8393E-001  0.3106E+000  0.3440E+000  0.1747E+000  0.6064E-001  0.1299E-001  0.1860E-002  0.3047E-003  0.1209E-011  0.7539E-021
 0.82933    0.21438E+03  0.7433E-028  0.6944E-022  0.2819E-017  0.1258E-013  0.9655E-011  0.4369E-008  0.1659E-005  0.2720E-003  0.1587E-001  0.1087E+000  0.3523E+000  0.3318E+000  0.1420E+000  0.4110E-001  0.7034E-002  0.8037E-003  0.1024E-003  0.1575E-012  0.3618E-022
 0.83466    0.20455E+03  0.1933E-027  0.1691E-021  0.6445E-017  0.2688E-013  0.1916E-010  0.7987E-008  0.2777E-005  0.4152E-003  0.2266E-001  0.1371E+000  0.3883E+000  0.3097E+000  0.1112E+000  0.2666E-001  0.3619E-002  0.3269E-003  0.3210E-004  0.1837E-013  0.1486E-023
 0.83983    0.19518E+03  0.4933E-027  0.4042E-021  0.1445E-016  0.5634E-013  0.3727E-010  0.1430E-007  0.4548E-005  0.6190E-003  0.3165E-001  0.1688E+000  0.4165E+000  0.2801E+000  0.8387E-001  0.1656E-001  0.1770E-002  0.1252E-003  0.9384E-005  0.1913E-014  0.5205E-025
 0.84484    0.18626E+03  0.1237E-026  0.9492E-021  0.3184E-016  0.1160E-012  0.7115E-010  0.2511E-007  0.7295E-005  0.9027E-003  0.4328E-001  0.2029E+000  0.4353E+000  0.2458E+000  0.6103E-001  0.9858E-002  0.8225E-003  0.4511E-004  0.2557E-005  0.1776E-015  0.1550E-026
 0.84970    0.17775E+03  0.3052E-026  0.2192E-020  0.6896E-016  0.2347E-012  0.1335E-009  0.4327E-007  0.1147E-004  0.1289E-002  0.5801E-001  0.2387E+000  0.4437E+000  0.2095E+000  0.4286E-001  0.5624E-002  0.3633E-003  0.1529E-004  0.6485E-006  0.1466E-016  0.3904E-028
 0.85440    0.16966E+03  0.7414E-026  0.4983E-020  0.1470E-015  0.4673E-012  0.2462E-009  0.7327E-007  0.1771E-004  0.1805E-002  0.7629E-001  0.2748E+000  0.4414E+000  0.1734E+000  0.2905E-001  0.3074E-002  0.1525E-003  0.4873E-005  0.1530E-006  0.1073E-017  0.8285E-030
 0.85896    0.16196E+03  0.1774E-025  0.1116E-019  0.3086E-015  0.9160E-012  0.4469E-009  0.1220E-006  0.2686E-004  0.2478E-002  0.9850E-001  0.3099E+000  0.4289E+000  0.1395E+000  0.1900E-001  0.1609E-002  0.6072E-004  0.1457E-005  0.3351E-007  0.6946E-019  0.1475E-031
 0.86338    0.15463E+03  0.4183E-025  0.2461E-019  0.6384E-015  0.1769E-011  0.7986E-009  0.1998E-006  0.4003E-004  0.3339E-002  0.1250E+000  0.3425E+000  0.4072E+000  0.1091E+000  0.1200E-001  0.8061E-003  0.2294E-004  0.4087E-006  0.6806E-008  0.3962E-020  0.2192E-033
 0.86766    0.14766E+03  0.9724E-025  0.5352E-019  0.1302E-014  0.3366E-011  0.1406E-008  0.3221E-006  0.5864E-004  0.4416E-002  0.1558E+000  0.3713E+000  0.3778E+000  0.8290E-001  0.7308E-002  0.3863E-003  0.8209E-005  0.1073E-006  0.1279E-008  0.1986E-021  0.2706E-035
 0.87181    0.14102E+03  0.2229E-024  0.1148E-018  0.2616E-014  0.6314E-011  0.2438E-008  0.5111E-006  0.8450E-004  0.5737E-002  0.1911E+000  0.3947E+000  0.3427E+000  0.6124E-001  0.4292E-002  0.1770E-003  0.2781E-005  0.2635E-007  0.2223E-009  0.8718E-023  0.2762E-037
 0.87583    0.13472E+03  0.5039E-024  0.2427E-018  0.5187E-014  0.1168E-010  0.4167E-008  0.7987E-006  0.1198E-003  0.7323E-002  0.2305E+000  0.4118E+000  0.3038E+000  0.4396E-001  0.2430E-002  0.7740E-004  0.8904E-006  0.6040E-008  0.3562E-010  0.3342E-024  0.2321E-039
 0.87973    0.12873E+03  0.1124E-023  0.5065E-018  0.1014E-013  0.2131E-010  0.7022E-008  0.1230E-005  0.1672E-003  0.9185E-002  0.2736E+000  0.4216E+000  0.2634E+000  0.3066E-001  0.1325E-002  0.3230E-004  0.2692E-006  0.1291E-008  0.5257E-011  0.1115E-025  0.1599E-041
 0.88350    0.12303E+03  0.2473E-023  0.1043E-017  0.1958E-013  0.3836E-010  0.1167E-007  0.1866E-005  0.2297E-003  0.1133E-001  0.3197E+000  0.4239E+000  0.2233E+000  0.2078E-001  0.6961E-003  0.1285E-004  0.7678E-007  0.2569E-009  0.7134E-012  0.3231E-027  0.8984E-044
 0.88716    0.11762E+03  0.5372E-023  0.2120E-017  0.3730E-013  0.6816E-010  0.1914E-007  0.2792E-005  0.3108E-003  0.1374E-001  0.3681E+000  0.4186E+000  0.1852E+000  0.1368E-001  0.3520E-003  0.4870E-005  0.2064E-007  0.4756E-010  0.8892E-013  0.8106E-029  0.4105E-046
 0.89071    0.11248E+03  0.1152E-022  0.4255E-017  0.7020E-013  0.1196E-009  0.3098E-007  0.4122E-005  0.4147E-003  0.1641E-001  0.4177E+000  0.4063E+000  0.1503E+000  0.8747E-002  0.1713E-003  0.1758E-005  0.5226E-008  0.8183E-011  0.1017E-013  0.1758E-030  0.1520E-048
 0.89415    0.10759E+03  0.2442E-022  0.8442E-017  0.1306E-012  0.2074E-009  0.4955E-007  0.6007E-005  0.5458E-003  0.1930E-001  0.4675E+000  0.3878E+000  0.1193E+000  0.5434E-002  0.8019E-004  0.6038E-006  0.1246E-008  0.1308E-011  0.1066E-014  0.3287E-032  0.4548E-051
 0.89748    0.10296E+03  0.5116E-022  0.1656E-016  0.2402E-012  0.3558E-009  0.7835E-007  0.8649E-005  0.7091E-003  0.2238E-001  0.5165E+000  0.3642E+000  0.9281E-001  0.3280E-002  0.3613E-004  0.1974E-006  0.2793E-009  0.1941E-012  0.1023E-015  0.5295E-034  0.1097E-053
 0.90070    0.98556E+02  0.1060E-021  0.3215E-016  0.4372E-012  0.6040E-009  0.1226E-006  0.1231E-004  0.9104E-003  0.2560E-001  0.5639E+000  0.3369E+000  0.7072E-001  0.1924E-002  0.1567E-004  0.6139E-007  0.5895E-010  0.2674E-013  0.8998E-017  0.7340E-036  0.2129E-056
 0.90383    0.94377E+02  0.2176E-021  0.6182E-016  0.7885E-012  0.1016E-008  0.1899E-006  0.1736E-004  0.1156E-002  0.2893E-001  0.6088E+000  0.3072E+000  0.5283E-001  0.1097E-002  0.6538E-005  0.1818E-007  0.1171E-010  0.3421E-014  0.7247E-018  0.8751E-038  0.3320E-059
 0.90686    0.90412E+02  0.4423E-021  0.1178E-015  0.1410E-011  0.1693E-008  0.2916E-006  0.2424E-004  0.1453E-002  0.3233E-001  0.6506E+000  0.2763E+000  0.3870E-001  0.6084E-003  0.2627E-005  0.5123E-008  0.2188E-011  0.4065E-015  0.5347E-019  0.8970E-040  0.4159E-062
 0.90980    0.86649E+02  0.8917E-021  0.2228E-015  0.2501E-011  0.2802E-008  0.4443E-006  0.3357E-004  0.1811E-002  0.3575E-001  0.6889E+000  0.2453E+000  0.2783E-001  0.3282E-003  0.1017E-005  0.1375E-008  0.3852E-012  0.4488E-016  0.3616E-020  0.7909E-042  0.4185E-065
 0.91265    0.83079E+02  0.1784E-020  0.4182E-015  0.4407E-011  0.4605E-008  0.6724E-006  0.4615E-004  0.2239E-002  0.3917E-001  0.7235E+000  0.2152E+000  0.1964E-001  0.1723E-003  0.3792E-006  0.3517E-009  0.6388E-013  0.4608E-017  0.2243E-021  0.6002E-044  0.3385E-068
 0.91541    0.79693E+02  0.3544E-020  0.7801E-015  0.7718E-011  0.7524E-008  0.1011E-005  0.6306E-004  0.2750E-002  0.4257E-001  0.7542E+000  0.1867E+000  0.1362E-001  0.8802E-004  0.1363E-006  0.8577E-010  0.9989E-014  0.4403E-018  0.1277E-022  0.3925E-046  0.2203E-071
 0.91808    0.76481E+02  0.6996E-020  0.1447E-014  0.1345E-010  0.1223E-007  0.1513E-005  0.8569E-004  0.3356E-002  0.4594E-001  0.7811E+000  0.1602E+000  0.9278E-002  0.4379E-004  0.4726E-007  0.1996E-010  0.1474E-014  0.3921E-019  0.6686E-024  0.2215E-048  0.1156E-074
 0.92067    0.73436E+02  0.1373E-019  0.2670E-014  0.2332E-010  0.1979E-007  0.2255E-005  0.1159E-003  0.4076E-002  0.4927E-001  0.8042E+000  0.1361E+000  0.6213E-002  0.2122E-004  0.1581E-007  0.4434E-011  0.2055E-015  0.3256E-020  0.3221E-025  0.1081E-050  0.4908E-078
 0.92318    0.70548E+02  0.2682E-019  0.4907E-014  0.4028E-010  0.3192E-007  0.3347E-005  0.1562E-003  0.4931E-002  0.5256E-001  0.8238E+000  0.1145E+000  0.4090E-002  0.1002E-004  0.5107E-008  0.9415E-012  0.2710E-016  0.2527E-021  0.1431E-026  0.4572E-053  0.1690E-081
 0.92562    0.67811E+02  0.5215E-019  0.8984E-014  0.6936E-010  0.5133E-007  0.4955E-005  0.2099E-003  0.5945E-002  0.5584E-001  0.8399E+000  0.9540E-001  0.2648E-002  0.4608E-005  0.1594E-008  0.1913E-012  0.3383E-017  0.1834E-022  0.5869E-028  0.1682E-055  0.4743E-085
 0.92798    0.65217E+02  0.1010E-018  0.1639E-013  0.1191E-009  0.8234E-007  0.7319E-005  0.2814E-003  0.7149E-002  0.5911E-001  0.8530E+000  0.7880E-001  0.1686E-002  0.2067E-005  0.4810E-009  0.3722E-013  0.4006E-018  0.1249E-023  0.2229E-029  0.5401E-058  0.1090E-088
 0.93026    0.62758E+02  0.1948E-018  0.2983E-013  0.2040E-009  0.1318E-006  0.1079E-004  0.3766E-003  0.8583E-002  0.6241E-001  0.8630E+000  0.6452E-001  0.1056E-002  0.9047E-006  0.1405E-009  0.6946E-014  0.4506E-019  0.7982E-025  0.7854E-031  0.1520E-060  0.2064E-092
 0.93248    0.60428E+02  0.3746E-018  0.5415E-013  0.3489E-009  0.2108E-006  0.1590E-004  0.5036E-003  0.1029E-001  0.6577E-001  0.8704E+000  0.5237E-001  0.6506E-003  0.3864E-006  0.3972E-010  0.1245E-014  0.4823E-020  0.4804E-026  0.2575E-032  0.3764E-063  0.3242E-096
 0.93462    0.58221E+02  0.7182E-018  0.9808E-013  0.5958E-009  0.3368E-006  0.2340E-004  0.6732E-003  0.1234E-001  0.6924E-001  0.8752E+000  0.4215E-001  0.3943E-003  0.1611E-006  0.1089E-010  0.2145E-015  0.4922E-021  0.2729E-027  0.7879E-034  0.8251E-066  0.4255E-100
 0.93670    0.56130E+02  0.1373E-017  0.1773E-012  0.1016E-008  0.5378E-006  0.3444E-004  0.8999E-003  0.1479E-001  0.7285E-001  0.8775E+000  0.3364E-001  0.2352E-003  0.6565E-007  0.2899E-011  0.3562E-016  0.4800E-022  0.1467E-028  0.2257E-035  0.1610E-068  0.4708E-104
 0.93872    0.54149E+02  0.2617E-017  0.3201E-012  0.1732E-008  0.8583E-006  0.5070E-004  0.1203E-002  0.1775E-001  0.7666E-001  0.8776E+000  0.2663E-001  0.1381E-003  0.2615E-007  0.7496E-012  0.5706E-017  0.4482E-023  0.7482E-030  0.6074E-037  0.2814E-071  0.4432E-108
 0.94067    0.52273E+02  0.4976E-017  0.5769E-012  0.2949E-008  0.1370E-005  0.7465E-004  0.1611E-002  0.2131E-001  0.8073E-001  0.8753E+000  0.2090E-001  0.7982E-004  0.1019E-007  0.1886E-012  0.8840E-018  0.4019E-024  0.3634E-031  0.1542E-038  0.4437E-074  0.3586E-112
 0.94257    0.50497E+02  0.9434E-017  0.1038E-011  0.5016E-008  0.2185E-005  0.1100E-003  0.2157E-002  0.2563E-001  0.8510E-001  0.8707E+000  0.1626E-001  0.4543E-004  0.3893E-008  0.4626E-013  0.1327E-018  0.3470E-025  0.1686E-032  0.3708E-040  0.6358E-077  0.2522E-116
 0.94440    0.48814E+02  0.1783E-016  0.1864E-011  0.8524E-008  0.3485E-005  0.1620E-003  0.2893E-002  0.3085E-001  0.8981E-001  0.8637E+000  0.1255E-001  0.2547E-004  0.1457E-008  0.1107E-013  0.1934E-019  0.2892E-026  0.7501E-034  0.8483E-042  0.8347E-080  0.1560E-120
 0.94618    0.47222E+02  0.3359E-016  0.3338E-011  0.1446E-007  0.5555E-005  0.2387E-003  0.3881E-002  0.3719E-001  0.9492E-001  0.8541E+000  0.9601E-002  0.1407E-004  0.5352E-009  0.2590E-014  0.2743E-020  0.2334E-027  0.3212E-035  0.1855E-043  0.1013E-082  0.8596E-125
 0.94790    0.45714E+02  0.6301E-016  0.5963E-011  0.2449E-007  0.8844E-005  0.3517E-003  0.5209E-002  0.4488E-001  0.1004E+000  0.8418E+000  0.7281E-002  0.7664E-005  0.1931E-009  0.5934E-015  0.3796E-021  0.1830E-028  0.1329E-036  0.3895E-045  0.1145E-085  0.4274E-129
 0.94957    0.44287E+02  0.1176E-015  0.1061E-010  0.4136E-007  0.1405E-004  0.5174E-003  0.6991E-002  0.5419E-001  0.1064E+000  0.8264E+000  0.5472E-002  0.4116E-005  0.6853E-010  0.1333E-015  0.5137E-022  0.1398E-029  0.5334E-038  0.7897E-047  0.1218E-088  0.1945E-133
 0.95119    0.42937E+02  0.2182E-015  0.1879E-010  0.6958E-007  0.2227E-004  0.7599E-003  0.9371E-002  0.6542E-001  0.1127E+000  0.8077E+000  0.4074E-002  0.2181E-005  0.2394E-010  0.2944E-016  0.6815E-023  0.1044E-030  0.2086E-039  0.1553E-048  0.1231E-091  0.8214E-138
 0.95276    0.41659E+02  0.4019E-015  0.3308E-010  0.1165E-006  0.3514E-004  0.1112E-002  0.1254E-001  0.7887E-001  0.1193E+000  0.7851E+000  0.3005E-002  0.1141E-005  0.8242E-011  0.6397E-017  0.8884E-024  0.7649E-032  0.7982E-041  0.2981E-050  0.1194E-094  0.3268E-142
 0.95428    0.40449E+02  0.7335E-015  0.5777E-010  0.1936E-006  0.5513E-004  0.1621E-002  0.1671E-001  0.9485E-001  0.1261E+000  0.7585E+000  0.2194E-002  0.5888E-006  0.2799E-011  0.1370E-017  0.1141E-024  0.5514E-033  0.3001E-042  0.5608E-052  0.1121E-097  0.1243E-146
 0.95575    0.39305E+02  0.1324E-014  0.9995E-010  0.3192E-006  0.8587E-004  0.2347E-002  0.2215E-001  0.1136E+000  0.1328E+000  0.7274E+000  0.1585E-002  0.3001E-006  0.9384E-012  0.2899E-018  0.1447E-025  0.3924E-034  0.1113E-043  0.1040E-053  0.1031E-100  0.4593E-151
 0.95718    0.38223E+02  0.2361E-014  0.1709E-009  0.5206E-006  0.1325E-003  0.3371E-002  0.2917E-001  0.1353E+000  0.1393E+000  0.6916E+000  0.1132E-002  0.1510E-006  0.3108E-012  0.6063E-019  0.1815E-026  0.2766E-035  0.4089E-045  0.1911E-055  0.9368E-104  0.1672E-155
 0.95856    0.37199E+02  0.4145E-014  0.2883E-009  0.8386E-006  0.2020E-003  0.4791E-002  0.3807E-001  0.1599E+000  0.1452E+000  0.6511E+000  0.7989E-003  0.7501E-007  0.1018E-012  0.1256E-019  0.2259E-027  0.1936E-036  0.1495E-046  0.3496E-057  0.8501E-107  0.6094E-160
 0.95990    0.36231E+02  0.7154E-014  0.4785E-009  0.1331E-005  0.3039E-003  0.6725E-002  0.4913E-001  0.1872E+000  0.1500E+000  0.6061E+000  0.5568E-003  0.3680E-007  0.3299E-013  0.2578E-020  0.2793E-028  0.1350E-037  0.5455E-048  0.6404E-059  0.7780E-110  0.2257E-164
 0.96120    0.35315E+02  0.1211E-013  0.7799E-009  0.2076E-005  0.4501E-003  0.9305E-002  0.6259E-001  0.2166E+000  0.1535E+000  0.5572E+000  0.3830E-003  0.1783E-007  0.1058E-013  0.5258E-021  0.3441E-029  0.9407E-039  0.1997E-049  0.1180E-060  0.7253E-113  0.8628E-169
 0.96246    0.34449E+02  0.2006E-013  0.1246E-008  0.3178E-005  0.6547E-003  0.1266E-001  0.7855E-001  0.2473E+000  0.1552E+000  0.5054E+000  0.2598E-003  0.8531E-008  0.3365E-014  0.1066E-021  0.4232E-030  0.6571E-040  0.7358E-051  0.2200E-062  0.6956E-116  0.3455E-173
 0.96368    0.33630E+02  0.3248E-013  0.1947E-008  0.4766E-005  0.9340E-003  0.1693E-001  0.9698E-001  0.2782E+000  0.1550E+000  0.4518E+000  0.1738E-003  0.4035E-008  0.1062E-014  0.2154E-022  0.5209E-031  0.4617E-041  0.2742E-052  0.4171E-064  0.6935E-119  0.1471E-177
 0.96486    0.32856E+02  0.5132E-013  0.2974E-008  0.6992E-005  0.1305E-002  0.2220E-001  0.1177E+000  0.3081E+000  0.1526E+000  0.3980E+000  0.1147E-003  0.1887E-008  0.3328E-015  0.4346E-023  0.6434E-032  0.3275E-042  0.1038E-053  0.8084E-066  0.7258E-122  0.6767E-182
 0.96601    0.32124E+02  0.7909E-013  0.4436E-008  0.1003E-004  0.1786E-002  0.2855E-001  0.1402E+000  0.3358E+000  0.1482E+000  0.3455E+000  0.7477E-004  0.8745E-009  0.1038E-015  0.8774E-024  0.8004E-033  0.2354E-043  0.4012E-055  0.1612E-067  0.8059E-125  0.3412E-186
 0.96712    0.31432E+02  0.1189E-012  0.6460E-008  0.1407E-004  0.2392E-002  0.3599E-001  0.1640E+000  0.3600E+000  0.1418E+000  0.2957E+000  0.4815E-004  0.4020E-009  0.3233E-016  0.1778E-024  0.1006E-033  0.1722E-044  0.1591E-056  0.3325E-069  0.9590E-128  0.1914E-190
 0.96819    0.30778E+02  0.1743E-012  0.9191E-008  0.1929E-004  0.3137E-002  0.4449E-001  0.1886E+000  0.3800E+000  0.1340E+000  0.2498E+000  0.3070E-004  0.1838E-009  0.1007E-016  0.3629E-025  0.1282E-034  0.1288E-045  0.6509E-058  0.7142E-071  0.1236E-130  0.1212E-194
 0.96924    0.30160E+02  0.2496E-012  0.1278E-007  0.2589E-004  0.4033E-002  0.5399E-001  0.2132E+000  0.3952E+000  0.1250E+000  0.2086E+000  0.1941E-004  0.8373E-010  0.3147E-017  0.7484E-026  0.1664E-035  0.9897E-047  0.2762E-059  0.1608E-072  0.1742E-133  0.8790E-199
 0.97025    0.29576E+02  0.3494E-012  0.1740E-007  0.3405E-004  0.5085E-002  0.6439E-001  0.2373E+000  0.4055E+000  0.1153E+000  0.1725E+000  0.1220E-004  0.3813E-010  0.9896E-018  0.1565E-026  0.2209E-036  0.7848E-048  0.1222E-060  0.3816E-074  0.2713E-136  0.7402E-203
 0.97123    0.29024E+02  0.4787E-012  0.2321E-007  0.4394E-004  0.6300E-002  0.7555E-001  0.2603E+000  0.4110E+000  0.1054E+000  0.1414E+000  0.7637E-005  0.1739E-010  0.3141E-018  0.3329E-027  0.3010E-037  0.6451E-049  0.5669E-062  0.9607E-076  0.4710E-139  0.7332E-207
 0.97217    0.28503E+02  0.6430E-012  0.3038E-007  0.5571E-004  0.7679E-002  0.8736E-001  0.2820E+000  0.4122E+000  0.9552E-001  0.1152E+000  0.4773E-005  0.7972E-011  0.1010E-018  0.7232E-028  0.4227E-038  0.5523E-050  0.2771E-063  0.2580E-077  0.9200E-142  0.8644E-211
 0.97309    0.28010E+02  0.8479E-012  0.3908E-007  0.6950E-004  0.9221E-002  0.9968E-001  0.3020E+000  0.4096E+000  0.8602E-001  0.9343E-001  0.2985E-005  0.3679E-011  0.3294E-019  0.1609E-028  0.6138E-039  0.4943E-051  0.1434E-064  0.7430E-079  0.2038E-144  0.1227E-214
 0.97399    0.27545E+02  0.1099E-011  0.4948E-007  0.8541E-004  0.1092E-001  0.1124E+000  0.3202E+000  0.4038E+000  0.7706E-001  0.7554E-001  0.1871E-005  0.1714E-011  0.1094E-019  0.3677E-029  0.9249E-040  0.4643E-052  0.7883E-066  0.2305E-080  0.5154E-147  0.2116E-218
 0.97485    0.27106E+02  0.1403E-011  0.6173E-007  0.1035E-003  0.1278E-001  0.1254E+000  0.3366E+000  0.3955E+000  0.6877E-001  0.6097E-001  0.1177E-005  0.8076E-012  0.3706E-020  0.8654E-030  0.1450E-040  0.4591E-053  0.4625E-067  0.7740E-082  0.1498E-149  0.4475E-222
 0.97569    0.26691E+02  0.1764E-011  0.7596E-007  0.1240E-003  0.1479E-001  0.1385E+000  0.3510E+000  0.3852E+000  0.6121E-001  0.4920E-001  0.7451E-006  0.3856E-012  0.1284E-020  0.2102E-030  0.2372E-041  0.4793E-054  0.2904E-068  0.2821E-083  0.5035E-152  0.1170E-225
 0.97650    0.26299E+02  0.2188E-011  0.9231E-007  0.1467E-003  0.1693E-001  0.1517E+000  0.3636E+000  0.3735E+000  0.5438E-001  0.3973E-001  0.4750E-006  0.1868E-012  0.4552E-021  0.5279E-031  0.4056E-042  0.5296E-055  0.1957E-069  0.1120E-084  0.1965E-154  0.3802E-229
 0.97728    0.25929E+02  0.2680E-011  0.1109E-006  0.1718E-003  0.1921E-001  0.1648E+000  0.3745E+000  0.3609E+000  0.4828E-001  0.3215E-001  0.3052E-006  0.9194E-013  0.1655E-021  0.1373E-031  0.7263E-043  0.6206E-056  0.1418E-070  0.4858E-086  0.8939E-157  0.1545E-232
 0.97805    0.25580E+02  0.3245E-011  0.1317E-006  0.1993E-003  0.2161E-001  0.1779E+000  0.3837E+000  0.3476E+000  0.4286E-001  0.2608E-001  0.1980E-006  0.4604E-013  0.6180E-022  0.3705E-032  0.1364E-043  0.7725E-057  0.1108E-071  0.2305E-087  0.4756E-159  0.7886E-236
 0.97878    0.25250E+02  0.3886E-011  0.1550E-006  0.2290E-003  0.2411E-001  0.1908E+000  0.3915E+000  0.3342E+000  0.3806E-001  0.2122E-001  0.1297E-006  0.2347E-013  0.2371E-022  0.1038E-032  0.2691E-044  0.1023E-057  0.9341E-073  0.1199E-088  0.2967E-161  0.5070E-239
 0.97950    0.24939E+02  0.4606E-011  0.1806E-006  0.2609E-003  0.2671E-001  0.2034E+000  0.3978E+000  0.3206E+000  0.3384E-001  0.1734E-001  0.8584E-007  0.1219E-013  0.9356E-023  0.3021E-033  0.5579E-045  0.1442E-058  0.8508E-074  0.6841E-090  0.2173E-163  0.4116E-242
 0.98019    0.24645E+02  0.5407E-011  0.2086E-006  0.2950E-003  0.2940E-001  0.2157E+000  0.4029E+000  0.3073E+000  0.3014E-001  0.1423E-001  0.5747E-007  0.6455E-014  0.3799E-023  0.9143E-034  0.1216E-045  0.2165E-059  0.8377E-075  0.4287E-091  0.1871E-165  0.4224E-245
 0.98086    0.24368E+02  0.6290E-011  0.2389E-006  0.3311E-003  0.3215E-001  0.2277E+000  0.4069E+000  0.2943E+000  0.2689E-001  0.1173E-001  0.3892E-007  0.3486E-014  0.1588E-023  0.2878E-034  0.2790E-046  0.3465E-060  0.8919E-076  0.2951E-092  0.1894E-167  0.5484E-248
 0.98152    0.24107E+02  0.7256E-011  0.2715E-006  0.3690E-003  0.3496E-001  0.2394E+000  0.4098E+000  0.2817E+000  0.2405E-001  0.9723E-002  0.2668E-007  0.1921E-014  0.6836E-024  0.9422E-035  0.6732E-047  0.5911E-061  0.1027E-076  0.2231E-093  0.2254E-169  0.9001E-251
 0.98215    0.23860E+02  0.8302E-011  0.3064E-006  0.4087E-003  0.3781E-001  0.2506E+000  0.4119E+000  0.2696E+000  0.2156E-001  0.8101E-002  0.1851E-007  0.1080E-014  0.3030E-024  0.3209E-035  0.1709E-047  0.1074E-061  0.1279E-077  0.1852E-094  0.3152E-171  0.1866E-253
 0.98276    0.23627E+02  0.9427E-011  0.3433E-006  0.4499E-003  0.4069E-001  0.2615E+000  0.4132E+000  0.2580E+000  0.1938E-001  0.6787E-002  0.1300E-007  0.6195E-015  0.1383E-024  0.1137E-035  0.4565E-048  0.2080E-062  0.1720E-078  0.1687E-095  0.5171E-173  0.4876E-256
 0.98335    0.23408E+02  0.1063E-010  0.3822E-006  0.4924E-003  0.4358E-001  0.2719E+000  0.4138E+000  0.2471E+000  0.1747E-001  0.5718E-002  0.9243E-008  0.3627E-015  0.6502E-025  0.4190E-036  0.1282E-048  0.4289E-063  0.2500E-079  0.1685E-096  0.9937E-175  0.1602E-258
 0.98393    0.23201E+02  0.1190E-010  0.4229E-006  0.5361E-003  0.4648E-001  0.2818E+000  0.4138E+000  0.2367E+000  0.1580E-001  0.4846E-002  0.6655E-008  0.2166E-015  0.3146E-025  0.1605E-036  0.3782E-049  0.9406E-064  0.3918E-080  0.1843E-097  0.2233E-176  0.6602E-261
 0.98448    0.23005E+02  0.1324E-010  0.4652E-006  0.5808E-003  0.4937E-001  0.2914E+000  0.4134E+000  0.2269E+000  0.1433E-001  0.4130E-002  0.4850E-008  0.1320E-015  0.1566E-025  0.6386E-037  0.1172E-049  0.2193E-064  0.6618E-081  0.2205E-098  0.5849E-178  0.3398E-263
 0.98502    0.22821E+02  0.1465E-010  0.5090E-006  0.6262E-003  0.5224E-001  0.3004E+000  0.4125E+000  0.2176E+000  0.1304E-001  0.3541E-002  0.3579E-008  0.8205E-016  0.8022E-026  0.2638E-037  0.3811E-050  0.5428E-065  0.1203E-081  0.2879E-099  0.1782E-179  0.2176E-265
 0.98554    0.22648E+02  0.1611E-010  0.5541E-006  0.6722E-003  0.5509E-001  0.3090E+000  0.4112E+000  0.2090E+000  0.1191E-001  0.3054E-002  0.2673E-008  0.5200E-016  0.4224E-026  0.1131E-037  0.1299E-050  0.1425E-065  0.2351E-082  0.4099E-100  0.6296E-181  0.1726E-267
 0.98605    0.22484E+02  0.1762E-010  0.6002E-006  0.7185E-003  0.5789E-001  0.3172E+000  0.4097E+000  0.2009E+000  0.1091E-001  0.2649E-002  0.2021E-008  0.3359E-016  0.2286E-026  0.5029E-038  0.4638E-051  0.3963E-066  0.4927E-083  0.6346E-101  0.2570E-182  0.1689E-269
 0.98654    0.22330E+02  0.1917E-010  0.6472E-006  0.7651E-003  0.6065E-001  0.3250E+000  0.4080E+000  0.1933E+000  0.1003E-001  0.2311E-002  0.1545E-008  0.2211E-016  0.1270E-026  0.2316E-038  0.1732E-051  0.1166E-066  0.1106E-083  0.1067E-101  0.1208E-183  0.2026E-271
 0.98702    0.22185E+02  0.2076E-010  0.6948E-006  0.8116E-003  0.6336E-001  0.3323E+000  0.4060E+000  0.1862E+000  0.9246E-002  0.2027E-002  0.1196E-008  0.1482E-016  0.7247E-027  0.1104E-038  0.6760E-052  0.3623E-067  0.2657E-084  0.1943E-102  0.6517E-185  0.2966E-273
 0.98748    0.22048E+02  0.2238E-010  0.7429E-006  0.8580E-003  0.6600E-001  0.3392E+000  0.4040E+000  0.1796E+000  0.8553E-002  0.1788E-002  0.9356E-009  0.1012E-016  0.4240E-027  0.5446E-039  0.2754E-052  0.1188E-067  0.6810E-085  0.3826E-103  0.4018E-186  0.5268E-275
 0.98793    0.21919E+02  0.2402E-010  0.7912E-006  0.9040E-003  0.6859E-001  0.3458E+000  0.4018E+000  0.1734E+000  0.7938E-002  0.1586E-002  0.7402E-009  0.7025E-017  0.2542E-027  0.2774E-039  0.1170E-052  0.4100E-068  0.1859E-085  0.8125E-104  0.2820E-187  0.1129E-276
 0.98836    0.21798E+02  0.2568E-010  0.8396E-006  0.9496E-003  0.7110E-001  0.3519E+000  0.3995E+000  0.1677E+000  0.7391E-002  0.1415E-002  0.5920E-009  0.4962E-017  0.1562E-027  0.1459E-039  0.5171E-053  0.1488E-068  0.5398E-086  0.1856E-104  0.2245E-188  0.2902E-278
 0.98878    0.21683E+02  0.2735E-010  0.8879E-006  0.9945E-003  0.7354E-001  0.3577E+000  0.3972E+000  0.1623E+000  0.6902E-002  0.1268E-002  0.4783E-009  0.3562E-017  0.9816E-028  0.7910E-040  0.2378E-053  0.5670E-069  0.1663E-086  0.4554E-105  0.2018E-189  0.8896E-280
 0.98919    0.21576E+02  0.2901E-010  0.9359E-006  0.1039E-002  0.7590E-001  0.3632E+000  0.3949E+000  0.1574E+000  0.6466E-002  0.1143E-002  0.3905E-009  0.2599E-017  0.6310E-028  0.4418E-040  0.1135E-053  0.2264E-069  0.5425E-087  0.1196E-105  0.2040E-190  0.3232E-281
 0.98958    0.21475E+02  0.3068E-010  0.9834E-006  0.1082E-002  0.7819E-001  0.3683E+000  0.3926E+000  0.1527E+000  0.6076E-002  0.1035E-002  0.3219E-009  0.1925E-017  0.4145E-028  0.2540E-040  0.5622E-054  0.9462E-070  0.1871E-087  0.3357E-106  0.2310E-191  0.1384E-282
 0.98996    0.21379E+02  0.3233E-010  0.1030E-005  0.1125E-002  0.8039E-001  0.3731E+000  0.3903E+000  0.1484E+000  0.5725E-002  0.9416E-003  0.2679E-009  0.1448E-017  0.2781E-028  0.1501E-040  0.2884E-054  0.4130E-070  0.6804E-088  0.1004E-106  0.2918E-192  0.6938E-284
 0.99033    0.21289E+02  0.3397E-010  0.1077E-005  0.1166E-002  0.8252E-001  0.3777E+000  0.3880E+000  0.1444E+000  0.5411E-002  0.8606E-003  0.2249E-009  0.1104E-017  0.1903E-028  0.9108E-041  0.1530E-054  0.1880E-070  0.2605E-088  0.3193E-107  0.4095E-193  0.4051E-285
 0.99069    0.21205E+02  0.3559E-010  0.1122E-005  0.1206E-002  0.8456E-001  0.3819E+000  0.3858E+000  0.1407E+000  0.5127E-002  0.7902E-003  0.1906E-009  0.8539E-018  0.1328E-028  0.5671E-041  0.8385E-055  0.8914E-071  0.1048E-088  0.1077E-107  0.6357E-194  0.2737E-286
 0.99104    0.21126E+02  0.3718E-010  0.1167E-005  0.1245E-002  0.8652E-001  0.3859E+000  0.3836E+000  0.1372E+000  0.4871E-002  0.7286E-003  0.1629E-009  0.6691E-018  0.9444E-029  0.3618E-041  0.4742E-055  0.4393E-071  0.4420E-089  0.3844E-108  0.1088E-194  0.2128E-287
 0.99137    0.21051E+02  0.3874E-010  0.1210E-005  0.1283E-002  0.8840E-001  0.3896E+000  0.3814E+000  0.1339E+000  0.4640E-002  0.6747E-003  0.1403E-009  0.5311E-018  0.6836E-029  0.2364E-041  0.2763E-055  0.2247E-071  0.1951E-089  0.1449E-108  0.2042E-195  0.1894E-288
 0.99170    0.20981E+02  0.4027E-010  0.1252E-005  0.1320E-002  0.9020E-001  0.3931E+000  0.3794E+000  0.1309E+000  0.4431E-002  0.6272E-003  0.1218E-009  0.4267E-018  0.5034E-029  0.1580E-041  0.1657E-055  0.1191E-071  0.8996E-090  0.5751E-109  0.4191E-196  0.1917E-289
