3.981816406250000000e+04,4.487212109375000000e+04,4.995798437500000000e+04,5.090386718750000000e+04,4.436207421875000000e+04,2.819048632812500000e+04,1.299941210937500000e+04,2.316158203125000000e+03
3.221703125000000000e+05,3.809252500000000000e+05,4.153385312500000000e+05,4.051490625000000000e+05,3.477078750000000000e+05,2.427988750000000000e+05,1.230166562500000000e+05,8.716511718750000000e+03
7.507853125000000000e+04,8.564473437500000000e+04,9.579867187500000000e+04,1.085926875000000000e+05,9.694842968750000000e+04,4.749326562500000000e+04,1.911833203125000000e+04,2.475183105468750000e+03
2.082323750000000000e+05,2.403862968750000000e+05,2.823401562500000000e+05,3.075938437500000000e+05,2.663190625000000000e+05,1.454579375000000000e+05,4.803703515625000000e+04,2.588055908203125000e+03
6.647778906250000000e+04,7.669463281250000000e+04,7.703260156250000000e+04,7.278876562500000000e+04,6.427672265625000000e+04,4.738889843750000000e+04,3.101788085937500000e+04,5.017084472656250000e+03
3.627486875000000000e+05,4.189936250000000000e+05,4.647481250000000000e+05,5.055575000000000000e+05,4.761895000000000000e+05,2.245256718750000000e+05,1.060851328125000000e+05,1.005823828125000000e+04
1.059794628906250000e+04,1.135404199218750000e+04,1.100224511718750000e+04,1.099579785156250000e+04,9.907029296875000000e+03,6.730938964843750000e+03,4.659210449218750000e+03,1.474684570312500000e+03
1.721601406250000000e+05,1.995229375000000000e+05,2.337651250000000000e+05,2.432930156250000000e+05,2.061998750000000000e+05,1.309315234375000000e+05,4.439456640625000000e+04,2.768561035156250000e+03
2.555033125000000000e+05,3.028042187500000000e+05,3.081118437500000000e+05,2.981056250000000000e+05,2.549016406250000000e+05,1.891552656250000000e+05,1.133174921875000000e+05,1.222370996093750000e+04
4.189414062500000000e+04,4.729760546875000000e+04,5.183969921875000000e+04,5.539571093750000000e+04,4.834968750000000000e+04,2.823880078125000000e+04,1.330754199218750000e+04,2.352729736328125000e+03
1.245102812500000000e+05,1.428410625000000000e+05,1.284960625000000000e+05,1.237350234375000000e+05,1.138802734375000000e+05,8.051539062500000000e+04,6.537673828125000000e+04,1.394489453125000000e+04
2.762758750000000000e+05,3.248389687500000000e+05,3.572779687500000000e+05,3.623470625000000000e+05,3.149726875000000000e+05,2.003139062500000000e+05,9.756551562500000000e+04,6.840766113281250000e+03
8.901371875000000000e+05,1.039360812500000000e+06,1.179787125000000000e+06,1.245973125000000000e+06,1.099414250000000000e+06,6.177210000000000000e+05,2.631625937500000000e+05,1.393576660156250000e+04
1.918505156250000000e+05,2.178763125000000000e+05,2.480520937500000000e+05,2.973220625000000000e+05,2.807207187500000000e+05,1.042266875000000000e+05,3.697744531250000000e+04,4.263661132812500000e+03
2.545787304687500000e+04,2.950287695312500000e+04,3.218395703125000000e+04,3.361189843750000000e+04,2.911581835937500000e+04,1.794224414062500000e+04,8.492471679687500000e+03,9.630941772460937500e+02
3.025568125000000000e+05,3.462665625000000000e+05,4.031911562500000000e+05,4.532580625000000000e+05,4.150022500000000000e+05,1.865056562500000000e+05,6.697128906250000000e+04,5.122414062500000000e+03
2.343587187500000000e+05,2.677820000000000000e+05,3.058210312500000000e+05,3.628432500000000000e+05,3.432980000000000000e+05,1.289315468750000000e+05,4.644959375000000000e+04,3.874456787109375000e+03
1.172557265625000000e+05,1.320120937500000000e+05,1.404051562500000000e+05,1.511546093750000000e+05,1.355737031250000000e+05,7.603358593750000000e+04,3.884992187500000000e+04,8.333063476562500000e+03
1.112705078125000000e+05,1.309724531250000000e+05,1.324396562500000000e+05,1.238360781250000000e+05,1.077525390625000000e+05,8.229832031250000000e+04,5.155703906250000000e+04,6.373579589843750000e+03
5.170862187500000000e+05,5.918517500000000000e+05,6.869610000000000000e+05,8.139309375000000000e+05,7.420794375000000000e+05,3.054776875000000000e+05,9.660622656250000000e+04,5.801266113281250000e+03
2.985007031250000000e+04,3.401035546875000000e+04,3.673670312500000000e+04,3.728193750000000000e+04,3.264091406250000000e+04,2.076588671875000000e+04,1.094835253906250000e+04,1.705518554687500000e+03
7.959483750000000000e+05,9.214123125000000000e+05,1.041935750000000000e+06,1.093789375000000000e+06,9.513114375000000000e+05,5.604476875000000000e+05,2.360287968750000000e+05,2.165161132812500000e+04
1.575049375000000000e+05,1.844504375000000000e+05,1.952411875000000000e+05,2.031132656250000000e+05,1.783296875000000000e+05,1.091311093750000000e+05,5.734157031250000000e+04,5.946356445312500000e+03
1.400672187500000000e+05,1.603589375000000000e+05,1.819167031250000000e+05,1.969119375000000000e+05,1.726224375000000000e+05,9.560101562500000000e+04,3.770176953125000000e+04,4.576371093750000000e+03
4.175535937500000000e+05,4.828589687500000000e+05,5.697697500000000000e+05,6.001384375000000000e+05,5.112530937500000000e+05,3.082944687500000000e+05,1.027557265625000000e+05,5.817266113281250000e+03
2.823156875000000000e+05,3.277727812500000000e+05,3.623469687500000000e+05,3.804562812500000000e+05,3.337815625000000000e+05,1.956190781250000000e+05,9.102857812500000000e+04,8.760970703125000000e+03
4.373190000000000000e+05,5.171459375000000000e+05,5.180498750000000000e+05,5.011120937500000000e+05,4.376709062500000000e+05,3.148742500000000000e+05,1.980572968750000000e+05,2.250922460937500000e+04
3.327744062500000000e+05,3.996780625000000000e+05,4.153035937500000000e+05,3.580100000000000000e+05,2.960775000000000000e+05,2.762455937500000000e+05,1.652129062500000000e+05,1.326521972656250000e+04
2.056691562500000000e+05,2.357521093750000000e+05,2.783307500000000000e+05,3.056372812500000000e+05,2.639703750000000000e+05,1.438155156250000000e+05,4.494198437500000000e+04,3.424242919921875000e+03
9.052628906250000000e+04,1.038085156250000000e+05,1.180290312500000000e+05,1.259427890625000000e+05,1.073550937500000000e+05,6.546209765625000000e+04,2.484623828125000000e+04,2.954790527343750000e+03
2.784806250000000000e+05,3.290438437500000000e+05,3.296814687500000000e+05,3.150872500000000000e+05,2.751894062500000000e+05,2.020365156250000000e+05,1.280858437500000000e+05,1.548344335937500000e+04
8.934747656250000000e+04,1.017617734375000000e+05,1.212299609375000000e+05,1.403216093750000000e+05,1.203573906250000000e+05,5.942339062500000000e+04,1.553553808593750000e+04,1.153056518554687500e+03
9.510126562500000000e+04,1.104563984375000000e+05,1.098775156250000000e+05,1.002055859375000000e+05,8.686412500000000000e+04,7.061092968750000000e+04,4.647775390625000000e+04,7.087438964843750000e+03
8.305423125000000000e+05,9.752926875000000000e+05,1.028035687500000000e+06,1.060117875000000000e+06,9.779233750000000000e+05,5.446638125000000000e+05,3.175251562500000000e+05,2.994522656250000000e+04
8.226914375000000000e+05,9.627303125000000000e+05,1.032412000000000000e+06,1.110347375000000000e+06,9.601315625000000000e+05,5.690165625000000000e+05,2.728660937500000000e+05,2.582742187500000000e+04
6.539208984375000000e+04,7.512267187500000000e+04,8.347073437500000000e+04,8.722632031250000000e+04,7.655680468750000000e+04,4.487081640625000000e+04,2.122495117187500000e+04,2.530784423828125000e+03
1.008069687500000000e+06,1.163014250000000000e+06,1.299024250000000000e+06,1.486385625000000000e+06,1.366046500000000000e+06,6.071558750000000000e+05,2.568909218750000000e+05,2.180760351562500000e+04
4.340950781250000000e+04,5.086444531250000000e+04,5.291379687500000000e+04,5.246526562500000000e+04,4.563137500000000000e+04,3.108226171875000000e+04,1.757533593750000000e+04,2.073956542968750000e+03
8.758056250000000000e+04,1.020595078125000000e+05,1.101403437500000000e+05,1.050819375000000000e+05,9.056117187500000000e+04,6.553517578125000000e+04,3.590067187500000000e+04,4.050331542968750000e+03
1.500299687500000000e+05,1.729374843750000000e+05,1.946853906250000000e+05,2.087162968750000000e+05,1.772288281250000000e+05,1.064575156250000000e+05,4.298153125000000000e+04,4.496201171875000000e+03
1.585219375000000000e+05,1.850154687500000000e+05,1.949523906250000000e+05,1.987541250000000000e+05,1.696645625000000000e+05,1.151953359375000000e+05,6.022201562500000000e+04,7.465940429687500000e+03
2.717311328125000000e+04,2.995005664062500000e+04,3.194262109375000000e+04,3.273423632812500000e+04,2.851608203125000000e+04,1.842956640625000000e+04,9.955982421875000000e+03,2.397674072265625000e+03
1.973687031250000000e+05,2.333117968750000000e+05,2.488900468750000000e+05,2.321295468750000000e+05,2.000979062500000000e+05,1.517294843750000000e+05,8.324036718750000000e+04,7.647363769531250000e+03
3.127722187500000000e+05,3.562250937500000000e+05,4.173084375000000000e+05,4.934219687500000000e+05,4.261042500000000000e+05,2.002766718750000000e+05,5.756487890625000000e+04,4.793466308593750000e+03
2.938743554687500000e+04,3.258513671875000000e+04,3.511344140625000000e+04,3.769219531250000000e+04,3.312359765625000000e+04,1.920130273437500000e+04,9.662876953125000000e+03,2.200360107421875000e+03
4.866822812500000000e+05,5.728221875000000000e+05,5.818780000000000000e+05,5.431641875000000000e+05,4.682535625000000000e+05,3.647408125000000000e+05,2.280151562500000000e+05,2.864914648437500000e+04
3.568877500000000000e+05,4.127380937500000000e+05,4.667659062500000000e+05,5.281910625000000000e+05,4.717361562500000000e+05,2.287703593750000000e+05,8.717848437500000000e+04,6.155924316406250000e+03
1.368998281250000000e+05,1.591544531250000000e+05,1.759955781250000000e+05,1.840916718750000000e+05,1.588979531250000000e+05,9.808442968750000000e+04,4.367665625000000000e+04,4.131238769531250000e+03
3.747373828125000000e+04,4.159983593750000000e+04,4.335798046875000000e+04,4.651587500000000000e+04,4.117919921875000000e+04,2.418280859375000000e+04,1.304084570312500000e+04,3.175565917968750000e+03
2.230625000000000000e+05,2.619291562500000000e+05,2.597640312500000000e+05,2.590963281250000000e+05,2.289444687500000000e+05,1.551315625000000000e+05,9.728803125000000000e+04,1.368633593750000000e+04
8.510491406250000000e+04,9.809289843750000000e+04,1.066506953125000000e+05,1.122860546875000000e+05,9.689350000000000000e+04,5.959971875000000000e+04,2.790955273437500000e+04,3.588112548828125000e+03
5.422446250000000000e+05,6.409997500000000000e+05,6.387934375000000000e+05,6.488071875000000000e+05,5.786035000000000000e+05,3.691880000000000000e+05,2.363655156250000000e+05,2.688791796875000000e+04
7.669930468750000000e+04,8.707219531250000000e+04,9.316175781250000000e+04,9.545980468750000000e+04,8.704242968750000000e+04,5.048330859375000000e+04,2.726573437500000000e+04,5.027499511718750000e+03
3.927526875000000000e+05,4.701504687500000000e+05,4.571376250000000000e+05,4.280348125000000000e+05,3.866142500000000000e+05,2.789515625000000000e+05,1.943431718750000000e+05,2.067067968750000000e+04
3.389705312500000000e+05,3.962256875000000000e+05,3.988530000000000000e+05,3.622434062500000000e+05,3.148655937500000000e+05,2.530934843750000000e+05,1.640688437500000000e+05,2.411978320312500000e+04
5.053209687500000000e+05,5.839925625000000000e+05,6.669041875000000000e+05,7.555094375000000000e+05,6.864771250000000000e+05,3.153682812500000000e+05,1.178381484375000000e+05,7.013846191406250000e+03
1.330027656250000000e+05,1.546780312500000000e+05,1.412162500000000000e+05,1.297947421875000000e+05,1.151346718750000000e+05,9.358857031250000000e+04,7.208878125000000000e+04,1.297360839843750000e+04
4.041005625000000000e+05,4.709175000000000000e+05,4.940731250000000000e+05,5.368194375000000000e+05,4.864761562500000000e+05,2.593686093750000000e+05,1.380463593750000000e+05,1.625467968750000000e+04
2.858799609375000000e+04,3.292383984375000000e+04,3.602194140625000000e+04,3.940645703125000000e+04,3.570803125000000000e+04,1.823921093750000000e+04,8.568261718750000000e+03,1.042788818359375000e+03
3.727021484375000000e+04,4.221670703125000000e+04,4.542080468750000000e+04,4.605372656250000000e+04,4.108914843750000000e+04,2.521181250000000000e+04,1.353336621093750000e+04,2.495813232421875000e+03
3.515591015625000000e+04,4.095851953125000000e+04,4.407225000000000000e+04,4.229795312500000000e+04,3.591862890625000000e+04,2.671899023437500000e+04,1.396677441406250000e+04,1.628500610351562500e+03
4.349180937500000000e+05,4.971806875000000000e+05,5.076034687500000000e+05,4.916778750000000000e+05,4.284778750000000000e+05,3.102320312500000000e+05,1.873725156250000000e+05,3.719721875000000000e+04
1.958624062500000000e+05,2.283514062500000000e+05,2.477457343750000000e+05,2.553329843750000000e+05,2.231581562500000000e+05,1.380876875000000000e+05,6.814990625000000000e+04,6.650158691406250000e+03
1.256424453125000000e+05,1.462764375000000000e+05,1.628998281250000000e+05,1.663942500000000000e+05,1.394242656250000000e+05,9.425500781250000000e+04,4.188104687500000000e+04,3.736865966796875000e+03
6.083825390625000000e+04,7.071086718750000000e+04,7.318966406250000000e+04,6.492660546875000000e+04,5.383814453125000000e+04,4.861982421875000000e+04,2.895430078125000000e+04,4.093182617187500000e+03
6.352380000000000000e+05,7.563438125000000000e+05,7.993939375000000000e+05,8.038465000000000000e+05,7.181986875000000000e+05,4.460267500000000000e+05,2.427087031250000000e+05,1.626879296875000000e+04
1.033730859375000000e+05,1.213939921875000000e+05,1.318364218750000000e+05,1.317761406250000000e+05,1.139691093750000000e+05,7.510836718750000000e+04,3.798783984375000000e+04,3.325394042968750000e+03
1.430495000000000000e+05,1.686143906250000000e+05,1.840846250000000000e+05,1.781816562500000000e+05,1.491662500000000000e+05,1.113223203125000000e+05,5.465833203125000000e+04,4.474640625000000000e+03
2.715009179687500000e+04,3.140720312500000000e+04,3.050694921875000000e+04,2.680078125000000000e+04,2.336174023437500000e+04,2.018546484375000000e+04,1.435589453125000000e+04,2.418922851562500000e+03
2.445888867187500000e+04,2.795471679687500000e+04,2.915871093750000000e+04,2.904187109375000000e+04,2.506740625000000000e+04,1.735770898437500000e+04,9.901307617187500000e+03,1.662452636718750000e+03
1.542904625000000000e+06,1.823555125000000000e+06,1.947937125000000000e+06,2.016360125000000000e+06,1.762246500000000000e+06,1.090053500000000000e+06,5.492546250000000000e+05,4.120351953125000000e+04
8.245121875000000000e+04,9.269481250000000000e+04,1.007710625000000000e+05,1.099704140625000000e+05,9.497721093750000000e+04,5.527366406250000000e+04,2.564577734375000000e+04,5.327108886718750000e+03
3.498181640625000000e+04,4.034984375000000000e+04,4.219243359375000000e+04,4.111674218750000000e+04,3.536691406250000000e+04,2.555135156250000000e+04,1.433171484375000000e+04,2.152326660156250000e+03
9.850828906250000000e+04,1.127356015625000000e+05,1.176500312500000000e+05,1.269474140625000000e+05,1.217783281250000000e+05,5.804425781250000000e+04,3.499193750000000000e+04,5.797863281250000000e+03
1.377365468750000000e+05,1.563590312500000000e+05,1.581455781250000000e+05,1.537451718750000000e+05,1.350084218750000000e+05,9.579367187500000000e+04,6.073091796875000000e+04,1.270562011718750000e+04
6.994828906250000000e+04,8.163457812500000000e+04,9.114899218750000000e+04,9.412075781250000000e+04,8.008490625000000000e+04,5.143420703125000000e+04,2.215327343750000000e+04,1.827431030273437500e+03
7.843093750000000000e+04,9.072289062500000000e+04,1.006487109375000000e+05,1.084081640625000000e+05,9.915292968750000000e+04,5.066403125000000000e+04,2.325909179687500000e+04,2.204095703125000000e+03
3.260678750000000000e+05,3.780891562500000000e+05,4.227532187500000000e+05,4.607297187500000000e+05,4.010055625000000000e+05,2.230843125000000000e+05,9.351276562500000000e+04,7.826971191406250000e+03
1.165316503906250000e+04,1.305023632812500000e+04,1.390150390625000000e+04,1.373216894531250000e+04,1.184451464843750000e+04,8.293059570312500000e+03,4.444812011718750000e+03,9.495984497070312500e+02
3.455306562500000000e+05,3.993309062500000000e+05,4.500960937500000000e+05,4.830601875000000000e+05,4.156084375000000000e+05,2.433785781250000000e+05,9.719372656250000000e+04,9.582553710937500000e+03
1.101579875000000000e+06,1.298317125000000000e+06,1.432589500000000000e+06,1.474713375000000000e+06,1.267331625000000000e+06,8.063345000000000000e+05,3.700341562500000000e+05,2.195215234375000000e+04
7.017791406250000000e+04,7.979946093750000000e+04,8.873010156250000000e+04,9.803176562500000000e+04,8.765599218750000000e+04,4.500314843750000000e+04,1.941959570312500000e+04,2.851814697265625000e+03
1.011375312500000000e+05,1.163372421875000000e+05,1.333222031250000000e+05,1.431618281250000000e+05,1.246261093750000000e+05,7.079214843750000000e+04,2.746168359375000000e+04,2.547284667968750000e+03
1.920934843750000000e+05,2.241329843750000000e+05,2.271601093750000000e+05,2.072784531250000000e+05,1.788191875000000000e+05,1.438730937500000000e+05,9.137459375000000000e+04,1.364409472656250000e+04
3.425971562500000000e+05,3.942201875000000000e+05,4.234125625000000000e+05,4.619175937500000000e+05,4.078211250000000000e+05,2.253875468750000000e+05,1.089336093750000000e+05,1.457975195312500000e+04
1.524286914062500000e+04,1.688464453125000000e+04,1.696606054687500000e+04,1.769597070312500000e+04,1.562124218750000000e+04,9.969339843750000000e+03,6.004163574218750000e+03,1.620680297851562500e+03
1.042170000000000000e+05,1.218129843750000000e+05,1.288143437500000000e+05,1.304766406250000000e+05,1.107369296875000000e+05,7.617116406250000000e+04,3.973070703125000000e+04,4.527456542968750000e+03
8.583371250000000000e+05,9.961633750000000000e+05,1.136195375000000000e+06,1.216339875000000000e+06,1.101169125000000000e+06,5.825100625000000000e+05,2.326095937500000000e+05,1.523126269531250000e+04
2.196210468750000000e+05,2.549778125000000000e+05,2.671953750000000000e+05,2.824276875000000000e+05,2.531098281250000000e+05,1.447079687500000000e+05,7.968364062500000000e+04,9.848919921875000000e+03
2.187400312500000000e+05,2.568723750000000000e+05,2.840199062500000000e+05,2.942187812500000000e+05,2.534627968750000000e+05,1.579375312500000000e+05,7.094009375000000000e+04,4.799614746093750000e+03
1.896406718750000000e+05,2.180350156250000000e+05,2.492757968750000000e+05,2.913385625000000000e+05,2.642124062500000000e+05,1.141048671875000000e+05,3.970996875000000000e+04,2.775671386718750000e+03
5.945143125000000000e+05,7.046476875000000000e+05,7.792023750000000000e+05,7.212952500000000000e+05,6.048452500000000000e+05,4.784378125000000000e+05,2.374213750000000000e+05,1.599663183593750000e+04
4.439312187500000000e+05,5.150641875000000000e+05,5.125371875000000000e+05,5.201219062500000000e+05,4.644548750000000000e+05,2.985009062500000000e+05,1.913275312500000000e+05,3.146155664062500000e+04
5.880130625000000000e+05,6.831303750000000000e+05,7.423536250000000000e+05,8.414138125000000000e+05,7.848453125000000000e+05,3.486105312500000000e+05,1.688621718750000000e+05,1.438816601562500000e+04
6.571610625000000000e+05,7.530528125000000000e+05,8.770192500000000000e+05,1.000807562500000000e+06,8.829451250000000000e+05,4.283215625000000000e+05,1.377080468750000000e+05,1.010129003906250000e+04
1.260252421875000000e+05,1.426689062500000000e+05,1.605702187500000000e+05,1.881025156250000000e+05,1.781780468750000000e+05,6.989925000000000000e+04,2.775446093750000000e+04,3.964623291015625000e+03
1.605177968750000000e+05,1.840913437500000000e+05,1.727988125000000000e+05,1.681417343750000000e+05,1.550907031250000000e+05,1.046877734375000000e+05,7.919879687500000000e+04,1.674233007812500000e+04
1.335342285156250000e+04,1.458473925781250000e+04,1.471130273437500000e+04,1.467186621093750000e+04,1.265030566406250000e+04,9.105614257812500000e+03,5.551410644531250000e+03,1.525806274414062500e+03
1.704307656250000000e+05,1.948751562500000000e+05,2.230325625000000000e+05,2.487305781250000000e+05,2.329043125000000000e+05,1.026608281250000000e+05,4.151436718750000000e+04,3.991305175781250000e+03
5.427923828125000000e+04,6.170417187500000000e+04,6.893113281250000000e+04,7.361328125000000000e+04,6.432477734375000000e+04,3.692595312500000000e+04,1.621030078125000000e+04,2.423891845703125000e+03
8.404419531250000000e+04,9.637530468750000000e+04,1.031485390625000000e+05,1.118939140625000000e+05,9.771933593750000000e+04,5.622646093750000000e+04,2.688435937500000000e+04,4.069940429687500000e+03
1.970450937500000000e+05,2.298114375000000000e+05,2.622600625000000000e+05,2.687947500000000000e+05,2.235690312500000000e+05,1.509401875000000000e+05,5.968235546875000000e+04,4.130973632812500000e+03
2.363812968750000000e+05,2.749347500000000000e+05,2.886175000000000000e+05,2.918386250000000000e+05,2.626056875000000000e+05,1.601252343750000000e+05,9.398821093750000000e+04,1.197082812500000000e+04
1.154290234375000000e+05,1.291021718750000000e+05,1.433662656250000000e+05,1.678527031250000000e+05,1.541297500000000000e+05,6.663371093750000000e+04,2.743284765625000000e+04,5.534318847656250000e+03
2.643684062500000000e+05,3.163392812500000000e+05,3.216189375000000000e+05,2.866005312500000000e+05,2.475987500000000000e+05,2.042120781250000000e+05,1.302438671875000000e+05,1.179428808593750000e+04
2.909936875000000000e+05,3.355287500000000000e+05,3.404307812500000000e+05,3.584993125000000000e+05,3.222809062500000000e+05,1.891070156250000000e+05,1.114895234375000000e+05,1.909679101562500000e+04
7.678630625000000000e+05,8.974756875000000000e+05,1.021470937500000000e+06,1.074150500000000000e+06,9.150160000000000000e+05,5.570847500000000000e+05,2.297060625000000000e+05,1.210365039062500000e+04
9.261934375000000000e+05,1.081460125000000000e+06,1.224259125000000000e+06,1.308453500000000000e+06,1.196511250000000000e+06,6.018728125000000000e+05,2.712957500000000000e+05,1.291438867187500000e+04
9.428965000000000000e+05,1.104354875000000000e+06,1.181157000000000000e+06,1.247094125000000000e+06,1.089563125000000000e+06,6.525935000000000000e+05,3.186008437500000000e+05,3.061370898437500000e+04
2.276883125000000000e+05,2.580297031250000000e+05,3.080661562500000000e+05,3.573641562500000000e+05,3.054190937500000000e+05,1.532171718750000000e+05,3.796078125000000000e+04,3.631339599609375000e+03
5.002526562500000000e+04,5.778459765625000000e+04,5.996029687500000000e+04,5.230722265625000000e+04,4.365142968750000000e+04,3.988874218750000000e+04,2.404244335937500000e+04,3.630237792968750000e+03
1.805201718750000000e+05,2.086466875000000000e+05,2.361059062500000000e+05,2.515785000000000000e+05,2.162949531250000000e+05,1.278132890625000000e+05,5.253347656250000000e+04,4.649090820312500000e+03
5.964345000000000000e+05,7.040498750000000000e+05,7.491121875000000000e+05,7.805928750000000000e+05,7.014088125000000000e+05,4.008703437500000000e+05,2.217174687500000000e+05,1.561386230468750000e+04
1.510795781250000000e+05,1.745794062500000000e+05,1.938713437500000000e+05,2.015238593750000000e+05,1.776877812500000000e+05,1.041788203125000000e+05,4.894601953125000000e+04,5.411515136718750000e+03
3.441585546875000000e+04,3.811507812500000000e+04,3.972912890625000000e+04,4.048371093750000000e+04,3.664422265625000000e+04,2.241933984375000000e+04,1.330854101562500000e+04,3.259996093750000000e+03
3.010302500000000000e+05,3.476970312500000000e+05,3.713930625000000000e+05,4.095891875000000000e+05,3.798126562500000000e+05,1.832836406250000000e+05,9.669297656250000000e+04,1.190001171875000000e+04
3.785382500000000000e+05,4.405414375000000000e+05,4.907462500000000000e+05,5.210780625000000000e+05,4.471182187500000000e+05,2.706092187500000000e+05,1.131043906250000000e+05,9.286675781250000000e+03
2.056620000000000000e+05,2.411584843750000000e+05,2.580969843750000000e+05,2.720585937500000000e+05,2.359479375000000000e+05,1.436940000000000000e+05,7.236692187500000000e+04,6.601551269531250000e+03
2.294398437500000000e+05,2.658351875000000000e+05,2.846187187500000000e+05,3.098001875000000000e+05,2.879735937500000000e+05,1.422363281250000000e+05,7.373552343750000000e+04,8.257171875000000000e+03
1.483519687500000000e+05,1.745335468750000000e+05,1.767278750000000000e+05,1.760774218750000000e+05,1.550960156250000000e+05,1.039879609375000000e+05,6.374339843750000000e+04,7.529932128906250000e+03
8.311653125000000000e+05,9.673626250000000000e+05,1.078640750000000000e+06,1.194491250000000000e+06,1.055606000000000000e+06,5.507094375000000000e+05,2.286822187500000000e+05,1.568751367187500000e+04
1.960090156250000000e+05,2.262479843750000000e+05,2.583122031250000000e+05,2.901529375000000000e+05,2.565491406250000000e+05,1.287986250000000000e+05,4.691777734375000000e+04,3.359778808593750000e+03
2.280703750000000000e+05,2.703245000000000000e+05,2.974269062500000000e+05,2.862621875000000000e+05,2.417675781250000000e+05,1.782244062500000000e+05,8.636628125000000000e+04,5.506746582031250000e+03
1.024001062500000000e+06,1.167671500000000000e+06,1.394318125000000000e+06,1.631962500000000000e+06,1.486088500000000000e+06,6.287750000000000000e+05,1.679857187500000000e+05,7.120990722656250000e+03
1.749633281250000000e+05,2.023463750000000000e+05,2.011184218750000000e+05,1.988647968750000000e+05,1.724773281250000000e+05,1.237754921875000000e+05,7.740949218750000000e+04,1.376795996093750000e+04
5.337173750000000000e+05,6.077036250000000000e+05,7.302507500000000000e+05,8.441940625000000000e+05,7.357010000000000000e+05,3.577762812500000000e+05,8.610367187500000000e+04,5.131361816406250000e+03
9.042638125000000000e+05,1.068378125000000000e+06,1.178278875000000000e+06,1.198774875000000000e+06,1.017756062500000000e+06,6.783279375000000000e+05,3.085073437500000000e+05,1.780150390625000000e+04
1.470195000000000000e+05,1.676617968750000000e+05,1.920581406250000000e+05,2.119188593750000000e+05,1.836445468750000000e+05,1.007745546875000000e+05,3.607830078125000000e+04,4.484693847656250000e+03
1.467457500000000000e+06,1.721894875000000000e+06,1.923004375000000000e+06,2.017711625000000000e+06,1.725204625000000000e+06,1.059674125000000000e+06,4.669941562500000000e+05,2.649899609375000000e+04
1.043889062500000000e+06,1.231099250000000000e+06,1.326588125000000000e+06,1.403890000000000000e+06,1.260831625000000000e+06,6.994839375000000000e+05,3.577299062500000000e+05,2.307079492187500000e+04
3.465316875000000000e+05,4.011064687500000000e+05,4.603296562500000000e+05,4.795995937500000000e+05,4.058903437500000000e+05,2.568940468750000000e+05,9.818600781250000000e+04,8.271156250000000000e+03
1.113550125000000000e+06,1.310439000000000000e+06,1.411607125000000000e+06,1.476831875000000000e+06,1.270177125000000000e+06,7.929020000000000000e+05,3.776145312500000000e+05,3.023172265625000000e+04
3.330185625000000000e+05,3.865291562500000000e+05,4.266695312500000000e+05,4.730319687500000000e+05,4.145716250000000000e+05,2.208915312500000000e+05,9.283463281250000000e+04,8.368211914062500000e+03
8.071166406250000000e+04,9.470931250000000000e+04,1.014101171875000000e+05,9.811839062500000000e+04,8.637099218750000000e+04,5.891001171875000000e+04,3.201117578125000000e+04,3.187940917968750000e+03
2.133093945312500000e+04,2.387279492187500000e+04,2.484547070312500000e+04,2.457930859375000000e+04,2.165059765625000000e+04,1.471538964843750000e+04,8.680429687500000000e+03,1.829099975585937500e+03
6.728721250000000000e+05,7.895808125000000000e+05,7.960353750000000000e+05,8.170061875000000000e+05,7.317238750000000000e+05,4.551984375000000000e+05,2.789574062500000000e+05,3.597028515625000000e+04
5.020535625000000000e+05,5.754710000000000000e+05,6.280093750000000000e+05,6.581071875000000000e+05,5.666639375000000000e+05,3.558140937500000000e+05,1.624452812500000000e+05,2.525392968750000000e+04
1.473110312500000000e+05,1.737530937500000000e+05,1.921489531250000000e+05,1.881543906250000000e+05,1.631723906250000000e+05,1.097862812500000000e+05,5.501908984375000000e+04,3.533218505859375000e+03
1.836810156250000000e+05,2.122103906250000000e+05,2.481232500000000000e+05,2.639990312500000000e+05,2.255338437500000000e+05,1.350589218750000000e+05,4.579947656250000000e+04,3.035430419921875000e+03
2.866833984375000000e+04,3.219691406250000000e+04,3.449888281250000000e+04,3.626477734375000000e+04,3.223183007812500000e+04,1.916388281250000000e+04,9.700709960937500000e+03,2.061763183593750000e+03
1.275894453125000000e+05,1.450399062500000000e+05,1.430237500000000000e+05,1.507561093750000000e+05,1.378775312500000000e+05,7.954338281250000000e+04,5.199487890625000000e+04,1.110697851562500000e+04
4.002609062500000000e+05,4.687809375000000000e+05,5.120366875000000000e+05,5.415647500000000000e+05,4.900833750000000000e+05,2.660223125000000000e+05,1.294638593750000000e+05,9.643223632812500000e+03
1.845491406250000000e+04,2.028892187500000000e+04,2.108271289062500000e+04,2.144636523437500000e+04,1.865085546875000000e+04,1.253590917968750000e+04,7.020668945312500000e+03,1.802122436523437500e+03
2.073251562500000000e+05,2.424294531250000000e+05,2.657439687500000000e+05,2.715171250000000000e+05,2.311126250000000000e+05,1.526855468750000000e+05,7.116380468750000000e+04,6.477604492187500000e+03
3.060516992187500000e+04,3.488633593750000000e+04,3.845670312500000000e+04,4.064055078125000000e+04,3.444304687500000000e+04,2.192179882812500000e+04,9.675460937500000000e+03,1.469177001953125000e+03
8.035666406250000000e+04,9.242390625000000000e+04,1.048551328125000000e+05,1.118019765625000000e+05,9.842104687500000000e+04,5.483076171875000000e+04,2.275510742187500000e+04,2.402248779296875000e+03
1.983310937500000000e+05,2.332411093750000000e+05,2.523111562500000000e+05,2.388246250000000000e+05,2.122788593750000000e+05,1.452120156250000000e+05,8.078711718750000000e+04,7.240509277343750000e+03
2.830590937500000000e+05,3.364464062500000000e+05,3.414710312500000000e+05,3.152273437500000000e+05,2.641974687500000000e+05,2.214017187500000000e+05,1.325341406250000000e+05,1.442135156250000000e+04
9.183852343750000000e+04,1.082232734375000000e+05,1.090135156250000000e+05,1.025472421875000000e+05,8.912339062500000000e+04,6.751163281250000000e+04,4.285798437500000000e+04,5.144013183593750000e+03
8.185438281250000000e+04,9.315119531250000000e+04,1.022732265625000000e+05,1.153217109375000000e+05,1.029303359375000000e+05,5.172096484375000000e+04,2.203527539062500000e+04,3.461601074218750000e+03
2.782011250000000000e+05,3.223212812500000000e+05,3.716231250000000000e+05,4.123575937500000000e+05,3.688779062500000000e+05,1.806808906250000000e+05,6.847092187500000000e+04,3.218984375000000000e+03
4.977891875000000000e+05,5.755520625000000000e+05,6.802948125000000000e+05,7.238431250000000000e+05,6.216830000000000000e+05,3.614387500000000000e+05,1.211893671875000000e+05,5.861802246093750000e+03
1.473609375000000000e+04,1.684585546875000000e+04,1.899751367187500000e+04,2.037744335937500000e+04,1.784291992187500000e+04,1.005536035156250000e+04,4.226795410156250000e+03,5.475193481445312500e+02
1.024392343750000000e+05,1.181209531250000000e+05,1.315005937500000000e+05,1.376451562500000000e+05,1.194145859375000000e+05,7.189713281250000000e+04,3.251194335937500000e+04,3.591245605468750000e+03
1.616090156250000000e+05,1.893302187500000000e+05,1.979034062500000000e+05,2.130641093750000000e+05,1.935330625000000000e+05,1.032269453125000000e+05,5.654191406250000000e+04,5.903113281250000000e+03
8.188630625000000000e+05,9.473765625000000000e+05,9.924158750000000000e+05,1.114559625000000000e+06,1.047476562500000000e+06,4.800277812500000000e+05,2.610970937500000000e+05,3.508315234375000000e+04
1.379661250000000000e+06,1.610951500000000000e+06,1.869402500000000000e+06,1.853172250000000000e+06,1.517453000000000000e+06,1.135804750000000000e+06,4.117860625000000000e+05,2.585266992187500000e+04
1.191341406250000000e+05,1.405988281250000000e+05,1.492768750000000000e+05,1.466917343750000000e+05,1.251784375000000000e+05,8.918678906250000000e+04,4.779586718750000000e+04,4.382041503906250000e+03
1.162836171875000000e+05,1.339977500000000000e+05,1.281263984375000000e+05,1.185235625000000000e+05,1.041351562500000000e+05,8.279477343750000000e+04,5.937561328125000000e+04,1.115552832031250000e+04
2.518466562500000000e+05,2.960795625000000000e+05,3.089193750000000000e+05,3.091507500000000000e+05,2.721270000000000000e+05,1.787349218750000000e+05,9.907178906250000000e+04,1.063129589843750000e+04
1.531931562500000000e+05,1.795857343750000000e+05,1.849585468750000000e+05,1.859271406250000000e+05,1.653649687500000000e+05,1.060634609375000000e+05,6.324826171875000000e+04,7.477199218750000000e+03
2.916780937500000000e+05,3.357759062500000000e+05,3.878855937500000000e+05,4.306950937500000000e+05,3.813554375000000000e+05,1.932289843750000000e+05,7.037095312500000000e+04,4.959295898437500000e+03
8.581599218750000000e+04,9.806838281250000000e+04,9.884959375000000000e+04,1.010804843750000000e+05,8.919220312500000000e+04,5.770599609375000000e+04,3.546337109375000000e+04,6.711503906250000000e+03
1.801067031250000000e+05,2.118846562500000000e+05,2.215666250000000000e+05,2.160288750000000000e+05,1.829309218750000000e+05,1.356434531250000000e+05,7.386180468750000000e+04,8.298718750000000000e+03
3.118501367187500000e+04,3.544374609375000000e+04,4.010526953125000000e+04,4.327975390625000000e+04,3.887398828125000000e+04,2.031139648437500000e+04,8.667994140625000000e+03,1.214776977539062500e+03
6.183721484375000000e+04,7.000516406250000000e+04,7.267509375000000000e+04,7.246264062500000000e+04,6.336591015625000000e+04,4.326300000000000000e+04,2.504570117187500000e+04,4.952544921875000000e+03
2.560790625000000000e+05,2.946613750000000000e+05,3.357280937500000000e+05,3.603951562500000000e+05,2.938768750000000000e+05,1.937261562500000000e+05,6.978460156250000000e+04,7.898936523437500000e+03
6.802518750000000000e+04,7.835705468750000000e+04,7.777482812500000000e+04,7.731167187500000000e+04,6.850267187500000000e+04,4.659770703125000000e+04,2.994725976562500000e+04,5.079138183593750000e+03
2.330403281250000000e+05,2.661701250000000000e+05,3.131272812500000000e+05,3.464056250000000000e+05,3.002402812500000000e+05,1.633951875000000000e+05,4.990507812500000000e+04,4.597917480468750000e+03
1.707969335937500000e+04,1.816794726562500000e+04,1.842135742187500000e+04,2.012904882812500000e+04,1.878951757812500000e+04,9.788670898437500000e+03,6.078504882812500000e+03,2.083284423828125000e+03
5.500750625000000000e+05,6.426896250000000000e+05,6.789621875000000000e+05,7.268965625000000000e+05,6.622868750000000000e+05,3.529429375000000000e+05,1.897397031250000000e+05,1.927515039062500000e+04
7.683798437500000000e+04,8.765057031250000000e+04,9.492122656250000000e+04,1.070061328125000000e+05,9.666583593750000000e+04,4.730351171875000000e+04,2.206678320312500000e+04,3.359688476562500000e+03
5.147681250000000000e+04,5.963391796875000000e+04,5.989911328125000000e+04,5.602766015625000000e+04,4.750026562500000000e+04,3.870610546875000000e+04,2.382003320312500000e+04,3.869591552734375000e+03
1.824764843750000000e+05,2.180032968750000000e+05,2.272257968750000000e+05,2.021522031250000000e+05,1.722356718750000000e+05,1.446458906250000000e+05,8.770691406250000000e+04,7.370528808593750000e+03
6.643759375000000000e+05,7.636276875000000000e+05,7.822847500000000000e+05,8.148111875000000000e+05,7.112740000000000000e+05,4.543145312500000000e+05,2.557166562500000000e+05,4.339271093750000000e+04
3.681732500000000000e+05,4.257358750000000000e+05,4.827093750000000000e+05,5.421043125000000000e+05,4.941395000000000000e+05,2.301413437500000000e+05,9.024902343750000000e+04,6.104158203125000000e+03
1.454731625000000000e+06,1.720096875000000000e+06,1.872322125000000000e+06,1.837443250000000000e+06,1.616088625000000000e+06,1.058223375000000000e+06,5.681342500000000000e+05,3.765707031250000000e+04
4.639406250000000000e+04,5.299824218750000000e+04,5.561950390625000000e+04,5.609915625000000000e+04,4.894167187500000000e+04,3.247187695312500000e+04,1.808317968750000000e+04,3.026222656250000000e+03
2.531983906250000000e+05,2.961481562500000000e+05,3.124612500000000000e+05,3.342093437500000000e+05,3.085851562500000000e+05,1.597636250000000000e+05,8.845592968750000000e+04,8.687461914062500000e+03
8.437157031250000000e+04,9.582534375000000000e+04,1.022989140625000000e+05,1.069919843750000000e+05,9.336396093750000000e+04,5.767835546875000000e+04,2.988869140625000000e+04,5.506282714843750000e+03
2.206063750000000000e+05,2.537812343750000000e+05,2.846711250000000000e+05,3.120907500000000000e+05,2.784815625000000000e+05,1.442213125000000000e+05,6.130296093750000000e+04,6.327994628906250000e+03
2.993002812500000000e+05,3.424111250000000000e+05,3.649895625000000000e+05,4.007845000000000000e+05,3.739956250000000000e+05,1.807140000000000000e+05,9.716825781250000000e+04,1.517312011718750000e+04
2.971900000000000000e+05,3.526777187500000000e+05,3.361166562500000000e+05,3.164601562500000000e+05,2.862951875000000000e+05,2.068293125000000000e+05,1.504554218750000000e+05,1.977735742187500000e+04
1.328335781250000000e+05,1.565821875000000000e+05,1.609040000000000000e+05,1.544120312500000000e+05,1.339008906250000000e+05,9.807758593750000000e+04,5.808672265625000000e+04,6.590049316406250000e+03
5.575244375000000000e+05,6.508856250000000000e+05,6.883556250000000000e+05,6.785375625000000000e+05,5.910105625000000000e+05,4.031541250000000000e+05,2.206457968750000000e+05,2.713290234375000000e+04
1.225629875000000000e+06,1.440029625000000000e+06,1.497212000000000000e+06,1.596984000000000000e+06,1.455134125000000000e+06,7.918867500000000000e+05,4.424657500000000000e+05,4.461444531250000000e+04
4.494076250000000000e+05,5.252601875000000000e+05,5.889668125000000000e+05,6.180799375000000000e+05,5.583608125000000000e+05,3.018249375000000000e+05,1.407704531250000000e+05,8.432164062500000000e+03
2.961066875000000000e+05,3.462524375000000000e+05,3.943573437500000000e+05,4.124856875000000000e+05,3.476918125000000000e+05,2.211252812500000000e+05,8.511849218750000000e+04,4.806145507812500000e+03
2.596222656250000000e+04,2.994210546875000000e+04,3.303082421875000000e+04,3.579578125000000000e+04,3.159217382812500000e+04,1.727351757812500000e+04,7.705145507812500000e+03,8.734041137695312500e+02
1.684785156250000000e+05,1.971457500000000000e+05,1.820387031250000000e+05,1.601807968750000000e+05,1.360450781250000000e+05,1.276251640625000000e+05,9.267046093750000000e+04,1.666945312500000000e+04
4.935435937500000000e+05,5.850136875000000000e+05,6.029443750000000000e+05,5.304668750000000000e+05,4.413879062500000000e+05,3.977310625000000000e+05,2.380858750000000000e+05,2.699772851562500000e+04
2.070865468750000000e+05,2.417611875000000000e+05,2.672681562500000000e+05,2.867361250000000000e+05,2.466900781250000000e+05,1.454439687500000000e+05,6.298012109375000000e+04,4.880910644531250000e+03
3.712452500000000000e+05,4.330633437500000000e+05,4.666787812500000000e+05,4.380447812500000000e+05,3.664968125000000000e+05,2.948988750000000000e+05,1.481703906250000000e+05,1.851694335937500000e+04
8.411710000000000000e+05,9.871128750000000000e+05,1.108712250000000000e+06,1.152179625000000000e+06,9.968829375000000000e+05,6.069307500000000000e+05,2.677456562500000000e+05,1.440615625000000000e+04
1.946244843750000000e+05,2.252358906250000000e+05,2.474654687500000000e+05,2.618326406250000000e+05,2.283234531250000000e+05,1.352930156250000000e+05,6.154791406250000000e+04,6.609794921875000000e+03
3.369882812500000000e+05,4.008344062500000000e+05,4.241142187500000000e+05,4.075905937500000000e+05,3.550561875000000000e+05,2.499593906250000000e+05,1.396632500000000000e+05,1.079048925781250000e+04
2.436735312500000000e+05,2.875994062500000000e+05,3.072182812500000000e+05,3.068586562500000000e+05,2.702237187500000000e+05,1.735539375000000000e+05,9.646603906250000000e+04,7.438086425781250000e+03
9.393438281250000000e+04,1.096260234375000000e+05,1.162706796875000000e+05,1.197625937500000000e+05,1.050045625000000000e+05,6.535537890625000000e+04,3.408812500000000000e+04,3.862539550781250000e+03
4.882908750000000000e+05,5.689605000000000000e+05,5.941848125000000000e+05,6.245161875000000000e+05,5.605557500000000000e+05,3.241916250000000000e+05,1.805606875000000000e+05,2.254258203125000000e+04
1.908639843750000000e+04,2.118202929687500000e+04,2.294585742187500000e+04,2.255144726562500000e+04,1.927285742187500000e+04,1.394915332031250000e+04,6.971309570312500000e+03,1.584664184570312500e+03
2.551785781250000000e+05,2.992246562500000000e+05,3.052012812500000000e+05,3.123335312500000000e+05,2.815386250000000000e+05,1.709544531250000000e+05,1.041950078125000000e+05,1.251463574218750000e+04
1.795462656250000000e+05,2.066845937500000000e+05,2.151643750000000000e+05,2.276691875000000000e+05,1.971641875000000000e+05,1.231258750000000000e+05,6.509423046875000000e+04,1.078505957031250000e+04
1.820965781250000000e+05,2.096007343750000000e+05,2.407225000000000000e+05,2.618915000000000000e+05,2.289491875000000000e+05,1.243378125000000000e+05,4.783602734375000000e+04,4.021570068359375000e+03
1.200056171875000000e+05,1.394055156250000000e+05,1.372403125000000000e+05,1.394084218750000000e+05,1.299505703125000000e+05,7.725463281250000000e+04,5.149290625000000000e+04,8.250115234375000000e+03
2.603582031250000000e+05,3.016711875000000000e+05,3.327591562500000000e+05,3.646277500000000000e+05,3.237638437500000000e+05,1.721740000000000000e+05,7.597753906250000000e+04,7.246930175781250000e+03
1.587260937500000000e+04,1.726719921875000000e+04,1.849696093750000000e+04,1.940449023437500000e+04,1.698927539062500000e+04,1.042452148437500000e+04,5.516764160156250000e+03,1.500347290039062500e+03
1.145480761718750000e+04,1.191211328125000000e+04,1.126491113281250000e+04,1.157484863281250000e+04,1.049056542968750000e+04,6.869770019531250000e+03,5.046923828125000000e+03,1.894396728515625000e+03
1.543951406250000000e+05,1.830995468750000000e+05,1.815179843750000000e+05,1.621126250000000000e+05,1.381239375000000000e+05,1.187437890625000000e+05,7.794673437500000000e+04,9.428155273437500000e+03
5.011868750000000000e+04,5.883027343750000000e+04,5.970909375000000000e+04,5.857511328125000000e+04,4.997497656250000000e+04,3.696364843750000000e+04,2.141431835937500000e+04,2.775636718750000000e+03
5.857322265625000000e+04,6.760295312500000000e+04,7.165239843750000000e+04,6.681419531250000000e+04,5.794855859375000000e+04,4.341734375000000000e+04,2.529172656250000000e+04,3.618882080078125000e+03
1.585788437500000000e+05,1.844936093750000000e+05,2.081378281250000000e+05,2.176999375000000000e+05,1.877840312500000000e+05,1.140106250000000000e+05,4.800710546875000000e+04,3.676195556640625000e+03
2.050679882812500000e+04,2.243403125000000000e+04,2.235335351562500000e+04,2.311455468750000000e+04,2.089392773437500000e+04,1.292009375000000000e+04,8.262987304687500000e+03,2.307326904296875000e+03
1.521096562500000000e+05,1.796715468750000000e+05,1.778186562500000000e+05,1.695522656250000000e+05,1.501984218750000000e+05,1.086809687500000000e+05,7.189232031250000000e+04,8.623298828125000000e+03
1.486313125000000000e+05,1.695419218750000000e+05,1.833099687500000000e+05,2.036663906250000000e+05,1.813013750000000000e+05,9.472796093750000000e+04,4.435678515625000000e+04,6.790638183593750000e+03
1.742198125000000000e+05,2.014238281250000000e+05,2.283844843750000000e+05,2.488750625000000000e+05,2.186013437500000000e+05,1.183942734375000000e+05,4.665760156250000000e+04,3.743274658203125000e+03
1.941352187500000000e+05,2.247180000000000000e+05,2.525627031250000000e+05,2.701484375000000000e+05,2.379522968750000000e+05,1.327213125000000000e+05,5.685708203125000000e+04,5.003167480468750000e+03
7.925067968750000000e+04,9.089325000000000000e+04,1.053559218750000000e+05,1.197451484375000000e+05,1.093977968750000000e+05,4.827396484375000000e+04,1.775699609375000000e+04,1.235166137695312500e+03
7.939241875000000000e+05,9.181351250000000000e+05,1.093780875000000000e+06,1.157943000000000000e+06,9.338301875000000000e+05,6.384284375000000000e+05,1.845814843750000000e+05,9.309028320312500000e+03
5.726856875000000000e+05,6.727063750000000000e+05,7.493325000000000000e+05,7.915924375000000000e+05,6.826800000000000000e+05,4.090311562500000000e+05,1.790272500000000000e+05,9.571151367187500000e+03
1.074034140625000000e+05,1.251525703125000000e+05,1.392494375000000000e+05,1.484782031250000000e+05,1.341805781250000000e+05,7.144726562500000000e+04,3.243311328125000000e+04,2.424514160156250000e+03
1.414093125000000000e+05,1.661449687500000000e+05,1.692079531250000000e+05,1.714852031250000000e+05,1.546581250000000000e+05,9.545507812500000000e+04,6.004455468750000000e+04,6.788116210937500000e+03
2.806890625000000000e+05,3.212900312500000000e+05,3.771543437500000000e+05,4.384286875000000000e+05,4.068600937500000000e+05,1.632513593750000000e+05,5.377343359375000000e+04,2.623354736328125000e+03
3.590478750000000000e+05,4.175498750000000000e+05,4.469548125000000000e+05,4.914291250000000000e+05,4.726589687500000000e+05,2.099351718750000000e+05,1.145635156250000000e+05,1.119383203125000000e+04
1.253200156250000000e+05,1.436881406250000000e+05,1.541203750000000000e+05,1.686423125000000000e+05,1.505234062500000000e+05,7.988950781250000000e+04,3.964101562500000000e+04,5.692231933593750000e+03
4.429007187500000000e+05,5.125626875000000000e+05,5.573071250000000000e+05,5.735535000000000000e+05,5.079802500000000000e+05,3.084849687500000000e+05,1.505965000000000000e+05,1.880012109375000000e+04
2.986983437500000000e+05,3.506976250000000000e+05,3.743248750000000000e+05,3.613662500000000000e+05,3.119787187500000000e+05,2.221077968750000000e+05,1.220051875000000000e+05,1.245352929687500000e+04
2.350105312500000000e+05,2.695564375000000000e+05,3.168050625000000000e+05,3.421069375000000000e+05,2.927442812500000000e+05,1.672393281250000000e+05,5.576818359375000000e+04,4.528261230468750000e+03
8.169934375000000000e+05,9.476841250000000000e+05,1.091369875000000000e+06,1.167135500000000000e+06,1.011763500000000000e+06,5.758733750000000000e+05,2.159970937500000000e+05,1.370714648437500000e+04
5.795207812500000000e+04,6.642516406250000000e+04,7.081191406250000000e+04,7.177385937500000000e+04,6.119151562500000000e+04,4.164963281250000000e+04,2.142627929687500000e+04,3.289052490234375000e+03
5.039381875000000000e+05,5.876821875000000000e+05,6.650095000000000000e+05,6.692487500000000000e+05,5.816081875000000000e+05,3.671165937500000000e+05,1.606485000000000000e+05,1.259146484375000000e+04
9.219296875000000000e+03,9.349435546875000000e+03,8.663942382812500000e+03,8.116516601562500000e+03,7.360825195312500000e+03,5.733863769531250000e+03,4.529774414062500000e+03,1.768119262695312500e+03
1.514491875000000000e+05,1.733839843750000000e+05,2.007893437500000000e+05,2.205045937500000000e+05,1.892831718750000000e+05,1.054584843750000000e+05,3.710496875000000000e+04,3.591451171875000000e+03
1.681396562500000000e+05,1.885783593750000000e+05,1.685322187500000000e+05,1.631957656250000000e+05,1.524747500000000000e+05,1.064614140625000000e+05,8.769067968750000000e+04,2.250744335937500000e+04
3.627248828125000000e+04,4.108914453125000000e+04,4.086458203125000000e+04,4.113071875000000000e+04,3.636256250000000000e+04,2.450722070312500000e+04,1.552098632812500000e+04,3.236325683593750000e+03
4.590622812500000000e+05,5.267838750000000000e+05,5.803520000000000000e+05,6.601551875000000000e+05,5.942115625000000000e+05,2.829962812500000000e+05,1.230236406250000000e+05,1.440490820312500000e+04
1.256506875000000000e+05,1.455019843750000000e+05,1.520677343750000000e+05,1.597707656250000000e+05,1.432818125000000000e+05,8.309179687500000000e+04,4.637341015625000000e+04,6.194726562500000000e+03
1.973319531250000000e+04,2.158474218750000000e+04,2.201334179687500000e+04,2.142834765625000000e+04,1.866168945312500000e+04,1.360867187500000000e+04,8.453248046875000000e+03,2.200230712890625000e+03
3.061395312500000000e+05,3.548284375000000000e+05,3.973147187500000000e+05,4.006383750000000000e+05,3.459697187500000000e+05,2.255195781250000000e+05,1.008157421875000000e+05,1.060447363281250000e+04
1.502989257812500000e+04,1.636484570312500000e+04,1.830132421875000000e+04,1.999775781250000000e+04,1.748512109375000000e+04,9.913448242187500000e+03,4.109370117187500000e+03,1.170907836914062500e+03
2.673747812500000000e+05,3.128346875000000000e+05,3.063429687500000000e+05,3.009513750000000000e+05,2.646167500000000000e+05,1.870290156250000000e+05,1.230971328125000000e+05,1.767025390625000000e+04
1.657199531250000000e+05,1.926031875000000000e+05,2.169877968750000000e+05,2.277728906250000000e+05,1.957075312500000000e+05,1.191932109375000000e+05,4.953822265625000000e+04,4.036404296875000000e+03
1.133240781250000000e+05,1.306090468750000000e+05,1.490456250000000000e+05,1.628319687500000000e+05,1.437148281250000000e+05,7.568519531250000000e+04,3.011974023437500000e+04,2.512706298828125000e+03
8.290160937500000000e+04,9.781746875000000000e+04,9.884698437500000000e+04,9.297921875000000000e+04,8.295821093750000000e+04,5.966758984375000000e+04,3.863983984375000000e+04,4.406723632812500000e+03
3.860966250000000000e+05,4.447000312500000000e+05,5.090991875000000000e+05,5.726737500000000000e+05,5.032038125000000000e+05,2.548150000000000000e+05,9.269309375000000000e+04,7.016369628906250000e+03
1.112588593750000000e+05,1.241017187500000000e+05,1.389173281250000000e+05,1.675707812500000000e+05,1.584202812500000000e+05,5.903170703125000000e+04,2.344931250000000000e+04,4.778948730468750000e+03
1.177343437500000000e+05,1.383442812500000000e+05,1.496792968750000000e+05,1.437350781250000000e+05,1.242161953125000000e+05,8.803726562500000000e+04,4.759857812500000000e+04,4.262264160156250000e+03
3.023730625000000000e+05,3.663356875000000000e+05,3.489075625000000000e+05,2.861778437500000000e+05,2.481211250000000000e+05,2.394168906250000000e+05,1.756948281250000000e+05,1.776708007812500000e+04
2.302995507812500000e+04,2.642462695312500000e+04,2.769915429687500000e+04,2.806002343750000000e+04,2.565840039062500000e+04,1.517264355468750000e+04,9.075840820312500000e+03,1.402782348632812500e+03
8.508416992187500000e+03,9.472931640625000000e+03,9.613332031250000000e+03,9.536203125000000000e+03,8.286583984375000000e+03,5.887539062500000000e+03,3.557197265625000000e+03,8.332230834960937500e+02
1.091313203125000000e+05,1.280073281250000000e+05,1.354514531250000000e+05,1.306338515625000000e+05,1.114709921875000000e+05,8.197289843750000000e+04,4.554331640625000000e+04,4.993695312500000000e+03
1.335686250000000000e+05,1.542573437500000000e+05,1.711261562500000000e+05,1.753463750000000000e+05,1.438424843750000000e+05,1.027364687500000000e+05,4.402176171875000000e+04,5.319098144531250000e+03
2.335064375000000000e+05,2.713634687500000000e+05,3.149890312500000000e+05,3.356479375000000000e+05,2.920289687500000000e+05,1.637992500000000000e+05,6.336988281250000000e+04,2.897450195312500000e+03
7.064053710937500000e+03,7.973022949218750000e+03,8.574608398437500000e+03,8.931677734375000000e+03,7.739075195312500000e+03,4.823091796875000000e+03,2.458173828125000000e+03,4.618804321289062500e+02
8.237002929687500000e+03,8.026696289062500000e+03,7.275024414062500000e+03,6.900853027343750000e+03,6.156711425781250000e+03,4.995698730468750000e+03,4.013365722656250000e+03,1.832776611328125000e+03
6.315485156250000000e+04,7.436828906250000000e+04,7.602346875000000000e+04,7.059890625000000000e+04,5.976416406250000000e+04,4.827892187500000000e+04,2.894423632812500000e+04,3.402649414062500000e+03
7.431123125000000000e+05,8.652040000000000000e+05,9.726935625000000000e+05,1.065606875000000000e+06,9.447775000000000000e+05,4.985818125000000000e+05,2.067230781250000000e+05,1.253790039062500000e+04
7.299065625000000000e+05,8.382880625000000000e+05,9.155821250000000000e+05,1.043251750000000000e+06,9.618343125000000000e+05,4.369929687500000000e+05,1.971581718750000000e+05,2.374902929687500000e+04
1.238249750000000000e+06,1.447180500000000000e+06,1.625381000000000000e+06,1.717905750000000000e+06,1.487369000000000000e+06,8.776815625000000000e+05,3.799084062500000000e+05,2.366620507812500000e+04
4.599989843750000000e+04,5.309619921875000000e+04,5.052356640625000000e+04,4.607267187500000000e+04,3.978933593750000000e+04,3.351423437500000000e+04,2.353444921875000000e+04,4.325783203125000000e+03
1.195787187500000000e+05,1.380633125000000000e+05,1.569859218750000000e+05,1.718087187500000000e+05,1.483035000000000000e+05,8.277907031250000000e+04,3.125019140625000000e+04,2.626626464843750000e+03
9.012839375000000000e+05,1.053210000000000000e+06,1.127719000000000000e+06,1.230138375000000000e+06,1.101280125000000000e+06,5.908729375000000000e+05,2.890654687500000000e+05,2.727300781250000000e+04
2.539831406250000000e+05,2.948572500000000000e+05,3.162710937500000000e+05,3.150898125000000000e+05,2.750674687500000000e+05,1.807371875000000000e+05,9.639182812500000000e+04,1.210514453125000000e+04
8.730466406250000000e+04,1.012495312500000000e+05,1.075767968750000000e+05,1.197109843750000000e+05,1.164206093750000000e+05,4.934292578125000000e+04,2.800199804687500000e+04,3.057124267578125000e+03
1.443963125000000000e+05,1.662564531250000000e+05,1.917377500000000000e+05,1.995461718750000000e+05,1.721318437500000000e+05,1.056087187500000000e+05,4.001389843750000000e+04,3.812883300781250000e+03
1.413759687500000000e+05,1.648940625000000000e+05,1.740149843750000000e+05,1.705199375000000000e+05,1.521093125000000000e+05,9.930271875000000000e+04,5.744950390625000000e+04,7.012343261718750000e+03
2.926483125000000000e+05,3.376916875000000000e+05,3.755910000000000000e+05,4.376874062500000000e+05,4.176736562500000000e+05,1.615711875000000000e+05,7.180892187500000000e+04,5.383401855468750000e+03
3.513474609375000000e+04,4.000102734375000000e+04,4.205525390625000000e+04,4.070057031250000000e+04,3.500069921875000000e+04,2.551571093750000000e+04,1.462998535156250000e+04,2.512736572265625000e+03
5.218402812500000000e+05,6.058702500000000000e+05,6.984111875000000000e+05,7.326131250000000000e+05,6.446839375000000000e+05,3.678263125000000000e+05,1.447741250000000000e+05,9.178516601562500000e+03
1.812115625000000000e+05,2.114189687500000000e+05,2.071640625000000000e+05,2.017421093750000000e+05,1.802362031250000000e+05,1.252433125000000000e+05,8.411842968750000000e+04,1.253324707031250000e+04
4.876514687500000000e+05,5.690578125000000000e+05,5.998512500000000000e+05,6.475096875000000000e+05,5.804973125000000000e+05,3.163171250000000000e+05,1.658764375000000000e+05,1.797935937500000000e+04
4.300088437500000000e+05,5.062338750000000000e+05,5.251626875000000000e+05,5.387963125000000000e+05,4.797490937500000000e+05,2.945684375000000000e+05,1.704424687500000000e+05,1.716124609375000000e+04
4.227128515625000000e+04,4.879124218750000000e+04,5.477398828125000000e+04,5.651125000000000000e+04,4.908343750000000000e+04,3.001686132812500000e+04,1.371743164062500000e+04,1.406171142578125000e+03
4.952398437500000000e+05,5.749924375000000000e+05,6.214933125000000000e+05,6.744938125000000000e+05,6.001726250000000000e+05,3.278984375000000000e+05,1.533099531250000000e+05,1.676659375000000000e+04
2.189732968750000000e+05,2.616612656250000000e+05,2.292959687500000000e+05,1.867135468750000000e+05,1.635121093750000000e+05,1.661762187500000000e+05,1.385912343750000000e+05,2.012815820312500000e+04
2.456599531250000000e+05,2.865910000000000000e+05,3.028480625000000000e+05,3.164870937500000000e+05,2.800970937500000000e+05,1.672312968750000000e+05,8.895342187500000000e+04,1.005631152343750000e+04
1.181866171875000000e+05,1.359175937500000000e+05,1.535480937500000000e+05,1.697475000000000000e+05,1.484314843750000000e+05,7.908025000000000000e+04,3.108940820312500000e+04,3.067139160156250000e+03
1.075171796875000000e+05,1.226834296875000000e+05,1.340072968750000000e+05,1.449948125000000000e+05,1.340913906250000000e+05,6.600953125000000000e+04,3.373348046875000000e+04,4.795951171875000000e+03
1.358569062500000000e+05,1.556928906250000000e+05,1.662675000000000000e+05,1.862875000000000000e+05,1.765989687500000000e+05,7.921510937500000000e+04,4.085787109375000000e+04,5.804950195312500000e+03
1.803689062500000000e+05,2.102182656250000000e+05,2.304224531250000000e+05,2.339846250000000000e+05,2.026767500000000000e+05,1.302362343750000000e+05,6.316966015625000000e+04,6.124407226562500000e+03
1.809121250000000000e+05,2.092686406250000000e+05,2.364870312500000000e+05,2.568468593750000000e+05,2.248976093750000000e+05,1.231808281250000000e+05,5.066263281250000000e+04,4.090979248046875000e+03
8.594905625000000000e+05,9.975816250000000000e+05,1.161151500000000000e+06,1.273114750000000000e+06,1.112605625000000000e+06,5.876160625000000000e+05,2.115128125000000000e+05,7.520218261718750000e+03
4.849034765625000000e+04,5.702646093750000000e+04,6.132157812500000000e+04,6.010854296875000000e+04,5.260396093750000000e+04,3.546393359375000000e+04,1.870750000000000000e+04,1.696271850585937500e+03
3.650784062500000000e+05,4.213876875000000000e+05,4.366230312500000000e+05,4.729539375000000000e+05,4.429605625000000000e+05,2.229867968750000000e+05,1.270447734375000000e+05,1.878340625000000000e+04
8.946654687500000000e+04,1.015257343750000000e+05,1.054627500000000000e+05,1.093755703125000000e+05,9.430900781250000000e+04,6.194875000000000000e+04,3.347130859375000000e+04,6.444336425781250000e+03
2.475296093750000000e+05,2.918583437500000000e+05,2.583742968750000000e+05,2.180382812500000000e+05,1.947631093750000000e+05,1.810379218750000000e+05,1.489620937500000000e+05,2.510542187500000000e+04
1.203504375000000000e+05,1.403606406250000000e+05,1.536388750000000000e+05,1.569594218750000000e+05,1.343942656250000000e+05,8.760506250000000000e+04,4.140089062500000000e+04,4.050079589843750000e+03
1.147550937500000000e+05,1.316297031250000000e+05,1.496092812500000000e+05,1.666790937500000000e+05,1.453589843750000000e+05,7.613901562500000000e+04,2.945552539062500000e+04,2.959521972656250000e+03
2.938196562500000000e+05,3.522824062500000000e+05,3.624196562500000000e+05,3.235802187500000000e+05,2.774101875000000000e+05,2.305889687500000000e+05,1.422008593750000000e+05,1.196444433593750000e+04
2.392211718750000000e+04,2.675536914062500000e+04,2.921837695312500000e+04,3.085982226562500000e+04,2.673349414062500000e+04,1.625021777343750000e+04,7.855958496093750000e+03,1.576343872070312500e+03
9.815286718750000000e+04,1.130247578125000000e+05,1.145193906250000000e+05,1.117700937500000000e+05,9.947606250000000000e+04,6.830841406250000000e+04,4.290637500000000000e+04,7.197458984375000000e+03
8.784674218750000000e+04,9.944472656250000000e+04,1.161750156250000000e+05,1.303467734375000000e+05,1.186951250000000000e+05,5.547629687500000000e+04,1.864193554687500000e+04,2.326727539062500000e+03
2.806457812500000000e+05,3.292049375000000000e+05,3.505115937500000000e+05,3.709815312500000000e+05,3.385467500000000000e+05,1.814254218750000000e+05,1.007176953125000000e+05,8.676592773437500000e+03
9.751765625000000000e+04,1.122271875000000000e+05,1.222633125000000000e+05,1.316820156250000000e+05,1.197733750000000000e+05,6.248266796875000000e+04,3.077278906250000000e+04,3.770950927734375000e+03
1.190422265625000000e+05,1.359036093750000000e+05,1.289375234375000000e+05,1.236899609375000000e+05,1.089036718750000000e+05,8.238893750000000000e+04,5.835754296875000000e+04,1.179519921875000000e+04
1.477587597656250000e+04,1.597049023437500000e+04,1.567536328125000000e+04,1.463105761718750000e+04,1.243204492187500000e+04,1.042790917968750000e+04,6.869490722656250000e+03,1.982176879882812500e+03
1.068139453125000000e+05,1.209226796875000000e+05,1.399033281250000000e+05,1.574577031250000000e+05,1.398178750000000000e+05,6.869950000000000000e+04,2.434076171875000000e+04,3.218744628906250000e+03
5.419463281250000000e+04,6.278493750000000000e+04,6.666847656250000000e+04,7.393268750000000000e+04,6.724786718750000000e+04,3.376048437500000000e+04,1.727921679687500000e+04,2.114024658203125000e+03
2.307749500000000000e+06,2.671866750000000000e+06,3.121179000000000000e+06,3.366971250000000000e+06,2.839022750000000000e+06,1.681330125000000000e+06,5.614171250000000000e+05,3.105510156250000000e+04
2.044767812500000000e+05,2.375528750000000000e+05,2.322673281250000000e+05,2.254540625000000000e+05,1.985050781250000000e+05,1.438805625000000000e+05,9.436748437500000000e+04,1.632706445312500000e+04
2.424460312500000000e+05,2.816148437500000000e+05,3.158591875000000000e+05,3.261385312500000000e+05,2.846933125000000000e+05,1.716127812500000000e+05,7.867677343750000000e+04,6.687150390625000000e+03
4.848229375000000000e+05,5.559655000000000000e+05,6.370725000000000000e+05,7.325117500000000000e+05,6.653800000000000000e+05,2.979224687500000000e+05,1.055441406250000000e+05,8.465418945312500000e+03
5.734711250000000000e+05,6.658493125000000000e+05,7.128906875000000000e+05,7.383586250000000000e+05,6.679091250000000000e+05,3.815123750000000000e+05,2.049880468750000000e+05,2.489609765625000000e+04
1.651008281250000000e+05,1.893049218750000000e+05,2.181136093750000000e+05,2.359147656250000000e+05,2.021262812500000000e+05,1.161934531250000000e+05,4.226250781250000000e+04,4.345448730468750000e+03
7.980289375000000000e+05,9.406880625000000000e+05,9.914666250000000000e+05,1.043504000000000000e+06,9.397675000000000000e+05,5.338217500000000000e+05,2.917628437500000000e+05,2.431952343750000000e+04
6.299660000000000000e+05,7.342423125000000000e+05,8.303829375000000000e+05,8.746236250000000000e+05,7.676934375000000000e+05,4.362545312500000000e+05,1.899053125000000000e+05,1.222218457031250000e+04
5.355748437500000000e+04,6.103892968750000000e+04,6.847307812500000000e+04,7.294152343750000000e+04,6.335319140625000000e+04,3.772776562500000000e+04,1.533407324218750000e+04,2.364273681640625000e+03
1.867257226562500000e+04,2.028213671875000000e+04,2.239989062500000000e+04,2.471886523437500000e+04,2.228068554687500000e+04,1.143759765625000000e+04,5.317962890625000000e+03,1.516476684570312500e+03
1.317511406250000000e+05,1.515721093750000000e+05,1.727083593750000000e+05,1.937103906250000000e+05,1.681662812500000000e+05,8.847735937500000000e+04,3.166257617187500000e+04,2.811927734375000000e+03
4.684420937500000000e+05,5.351459375000000000e+05,5.803390000000000000e+05,6.502753750000000000e+05,5.767090000000000000e+05,3.006376562500000000e+05,1.345895312500000000e+05,2.105866015625000000e+04
2.656070625000000000e+05,3.076317812500000000e+05,3.535304687500000000e+05,3.851905312500000000e+05,3.577978750000000000e+05,1.648605781250000000e+05,6.977000000000000000e+04,3.808792480468750000e+03
1.090375859375000000e+05,1.275536406250000000e+05,1.244139687500000000e+05,1.202477500000000000e+05,1.107754218750000000e+05,7.316157812500000000e+04,5.154988671875000000e+04,7.490953125000000000e+03
8.659033593750000000e+04,1.013808750000000000e+05,8.981997656250000000e+04,7.747451562500000000e+04,6.922764843750000000e+04,6.214355078125000000e+04,5.162184375000000000e+04,8.895096679687500000e+03
1.953435781250000000e+05,2.259721250000000000e+05,2.562148437500000000e+05,2.756275000000000000e+05,2.420664687500000000e+05,1.333772343750000000e+05,5.565476562500000000e+04,4.541597167968750000e+03
1.312654394531250000e+04,1.410899511718750000e+04,1.490049609375000000e+04,1.614380371093750000e+04,1.495103808593750000e+04,7.730169921875000000e+03,4.447283203125000000e+03,1.355265625000000000e+03
5.328886250000000000e+05,6.231913125000000000e+05,6.893536875000000000e+05,7.492946250000000000e+05,6.531527500000000000e+05,3.654513750000000000e+05,1.582273906250000000e+05,1.048072363281250000e+04
2.525417656250000000e+05,2.946791250000000000e+05,3.229639687500000000e+05,3.416355937500000000e+05,3.059140937500000000e+05,1.706667968750000000e+05,7.973169531250000000e+04,6.840777343750000000e+03
4.135815312500000000e+05,4.787693125000000000e+05,5.682973750000000000e+05,5.888777500000000000e+05,4.955174062500000000e+05,3.172611250000000000e+05,1.042795078125000000e+05,5.270743652343750000e+03
2.051403906250000000e+05,2.369720781250000000e+05,2.732047812500000000e+05,2.905695937500000000e+05,2.471623593750000000e+05,1.516975156250000000e+05,5.422522265625000000e+04,4.373575683593750000e+03
2.699178906250000000e+04,3.122915820312500000e+04,3.419507031250000000e+04,3.604251562500000000e+04,3.143958984375000000e+04,1.868010546875000000e+04,8.939654296875000000e+03,9.872650756835937500e+02
6.916966875000000000e+05,7.860589375000000000e+05,9.312771875000000000e+05,1.124216500000000000e+06,1.019904187500000000e+06,4.085889687500000000e+05,1.034700703125000000e+05,6.169666015625000000e+03
6.321404375000000000e+05,7.524413750000000000e+05,7.339212500000000000e+05,7.116810000000000000e+05,6.319459375000000000e+05,4.454273437500000000e+05,2.988402187500000000e+05,3.506019531250000000e+04
1.332013964843750000e+04,1.517259863281250000e+04,1.734317773437500000e+04,1.949500976562500000e+04,1.748168945312500000e+04,8.415791992187500000e+03,3.276415771484375000e+03,3.836395263671875000e+02
3.151131875000000000e+05,3.698822812500000000e+05,3.958781875000000000e+05,4.151858125000000000e+05,3.660426250000000000e+05,2.168191718750000000e+05,1.106254765625000000e+05,9.844425781250000000e+03
1.650513750000000000e+05,1.898657812500000000e+05,2.135795781250000000e+05,2.355158750000000000e+05,2.025968593750000000e+05,1.132727812500000000e+05,4.348034375000000000e+04,4.662665039062500000e+03
1.432507000000000000e+06,1.643545375000000000e+06,1.954788250000000000e+06,2.192994000000000000e+06,1.864574750000000000e+06,1.007436187500000000e+06,2.796292812500000000e+05,1.514298730468750000e+04
8.150188750000000000e+05,9.639890000000000000e+05,1.000968312500000000e+06,9.367686250000000000e+05,8.089934375000000000e+05,6.171355000000000000e+05,3.674190937500000000e+05,3.790777343750000000e+04
1.774478750000000000e+05,2.072360781250000000e+05,2.308041250000000000e+05,2.395449531250000000e+05,2.099497187500000000e+05,1.258172578125000000e+05,5.621563281250000000e+04,4.187603515625000000e+03
4.673520312500000000e+05,5.541958125000000000e+05,5.437907500000000000e+05,5.066221562500000000e+05,4.457895625000000000e+05,3.407042812500000000e+05,2.316789375000000000e+05,2.863909375000000000e+04
2.973952929687500000e+04,3.376373437500000000e+04,3.402455859375000000e+04,3.481913671875000000e+04,3.210093164062500000e+04,1.895237890625000000e+04,1.208293457031250000e+04,2.326289794921875000e+03
5.713218750000000000e+05,6.697587500000000000e+05,7.647035000000000000e+05,7.711831250000000000e+05,6.537173750000000000e+05,4.338515625000000000e+05,1.832063750000000000e+05,9.562204101562500000e+03
2.590889375000000000e+05,2.931638437500000000e+05,2.700057500000000000e+05,2.631800625000000000e+05,2.445689687500000000e+05,1.663835625000000000e+05,1.293367343750000000e+05,3.007180273437500000e+04
2.190571250000000000e+05,2.501902500000000000e+05,2.642682187500000000e+05,2.759663125000000000e+05,2.585433906250000000e+05,1.377134531250000000e+05,7.823384375000000000e+04,1.367604003906250000e+04
1.682538750000000000e+05,1.999125156250000000e+05,2.085798593750000000e+05,1.874635625000000000e+05,1.600184687500000000e+05,1.317118750000000000e+05,7.832248437500000000e+04,7.459562500000000000e+03
3.026072070312500000e+04,3.366072265625000000e+04,3.428663281250000000e+04,3.667993359375000000e+04,3.322755859375000000e+04,1.877728906250000000e+04,1.118387500000000000e+04,2.699758056640625000e+03
1.171038875000000000e+06,1.388594125000000000e+06,1.443800125000000000e+06,1.439915625000000000e+06,1.235410875000000000e+06,8.611661875000000000e+05,4.793706562500000000e+05,4.360451953125000000e+04
7.474617187500000000e+04,8.609482031250000000e+04,9.487800781250000000e+04,1.038024453125000000e+05,9.158041406250000000e+04,4.965125781250000000e+04,2.165039453125000000e+04,2.524966308593750000e+03
1.707886406250000000e+05,1.972443125000000000e+05,2.237463593750000000e+05,2.426354062500000000e+05,2.084278437500000000e+05,1.197998203125000000e+05,4.616786718750000000e+04,4.190586914062500000e+03
8.955117500000000000e+05,1.077505875000000000e+06,1.072796125000000000e+06,9.944641875000000000e+05,8.670831875000000000e+05,6.687102500000000000e+05,4.430418125000000000e+05,3.784722265625000000e+04
1.172306484375000000e+05,1.341639375000000000e+05,1.303319921875000000e+05,1.314386093750000000e+05,1.168659609375000000e+05,7.798541406250000000e+04,5.247840625000000000e+04,1.090377148437500000e+04
1.004778515625000000e+05,1.165282734375000000e+05,1.308024140625000000e+05,1.401904062500000000e+05,1.226446718750000000e+05,6.930920312500000000e+04,2.899499609375000000e+04,2.455934082031250000e+03
1.548730000000000000e+05,1.840287656250000000e+05,1.789904218750000000e+05,1.604337968750000000e+05,1.421155625000000000e+05,1.142582656250000000e+05,8.083092187500000000e+04,9.548556640625000000e+03
6.323995000000000000e+05,7.482087500000000000e+05,7.418337500000000000e+05,7.472983750000000000e+05,6.790513750000000000e+05,4.242155937500000000e+05,2.740730625000000000e+05,3.274578320312500000e+04
4.769096875000000000e+05,5.560369375000000000e+05,5.889733750000000000e+05,5.650630625000000000e+05,4.783163437500000000e+05,3.639629375000000000e+05,1.928496562500000000e+05,2.500973828125000000e+04
6.371031875000000000e+05,7.501080000000000000e+05,8.330476875000000000e+05,7.878939375000000000e+05,6.721890625000000000e+05,4.932126562500000000e+05,2.406073750000000000e+05,1.874154882812500000e+04
9.548150625000000000e+05,1.137827625000000000e+06,1.186171250000000000e+06,1.122000000000000000e+06,9.620099375000000000e+05,7.271235625000000000e+05,4.220538437500000000e+05,3.520725390625000000e+04
1.516110125000000000e+06,1.735089375000000000e+06,2.084300625000000000e+06,2.382847000000000000e+06,2.065150625000000000e+06,1.039221625000000000e+06,2.612530937500000000e+05,1.031868359375000000e+04
7.173328906250000000e+04,8.307222656250000000e+04,9.066245312500000000e+04,9.328747656250000000e+04,7.991453906250000000e+04,5.171319921875000000e+04,2.444596484375000000e+04,2.796016601562500000e+03
7.410530468750000000e+04,8.520762500000000000e+04,8.309561718750000000e+04,7.918125781250000000e+04,6.927753125000000000e+04,5.245395312500000000e+04,3.500872656250000000e+04,6.304317382812500000e+03
5.687563281250000000e+04,6.513459765625000000e+04,7.263097656250000000e+04,7.754040625000000000e+04,7.032436718750000000e+04,3.694435937500000000e+04,1.725640625000000000e+04,2.144182861328125000e+03
8.741600781250000000e+04,1.010869218750000000e+05,1.021042500000000000e+05,9.919105468750000000e+04,8.850900781250000000e+04,6.081114062500000000e+04,3.859058984375000000e+04,5.894899902343750000e+03
8.051157812500000000e+04,9.222420312500000000e+04,1.011685234375000000e+05,1.037181093750000000e+05,9.195853125000000000e+04,5.515721093750000000e+04,2.755539648437500000e+04,3.868681884765625000e+03
1.912814062500000000e+05,2.249843906250000000e+05,2.415390312500000000e+05,2.238024843750000000e+05,1.890797187500000000e+05,1.493043906250000000e+05,8.246847656250000000e+04,8.043101562500000000e+03
5.007307812500000000e+04,5.703378125000000000e+04,6.473241015625000000e+04,7.005430468750000000e+04,6.149068359375000000e+04,3.395978515625000000e+04,1.338560058593750000e+04,1.904389648437500000e+03
1.716004218750000000e+05,2.020010312500000000e+05,2.238355468750000000e+05,2.199836562500000000e+05,1.833784531250000000e+05,1.329735468750000000e+05,6.117116406250000000e+04,4.504439941406250000e+03
2.449554375000000000e+05,2.821379375000000000e+05,3.293523437500000000e+05,3.536002187500000000e+05,3.027569687500000000e+05,1.749339375000000000e+05,6.096168750000000000e+04,4.722337890625000000e+03
3.974536875000000000e+05,4.527670625000000000e+05,5.177236875000000000e+05,6.089954375000000000e+05,5.694615000000000000e+05,2.258871875000000000e+05,8.125019531250000000e+04,8.068993652343750000e+03
8.446708125000000000e+05,9.922650625000000000e+05,1.080706625000000000e+06,1.135156750000000000e+06,1.008271812500000000e+06,5.769686875000000000e+05,2.887333125000000000e+05,1.990119921875000000e+04
3.151781875000000000e+05,3.690691562500000000e+05,4.117031562500000000e+05,4.214408125000000000e+05,3.584654062500000000e+05,2.334103281250000000e+05,1.048029296875000000e+05,7.416379394531250000e+03
1.526055937500000000e+05,1.776923281250000000e+05,1.917024062500000000e+05,2.009580625000000000e+05,1.924230625000000000e+05,9.399735156250000000e+04,5.354423046875000000e+04,5.023007324218750000e+03
2.339539062500000000e+04,2.672474804687500000e+04,2.811470703125000000e+04,2.735081445312500000e+04,2.345295703125000000e+04,1.703656250000000000e+04,9.501171875000000000e+03,1.591029296875000000e+03
1.222429218750000000e+05,1.422164218750000000e+05,1.445769375000000000e+05,1.442171250000000000e+05,1.332594843750000000e+05,8.075381250000000000e+04,5.182319531250000000e+04,6.921270019531250000e+03
2.388904687500000000e+05,2.804936250000000000e+05,2.976979687500000000e+05,2.918263437500000000e+05,2.530202031250000000e+05,1.745634531250000000e+05,9.757903906250000000e+04,9.836810546875000000e+03
6.990885156250000000e+04,8.093309375000000000e+04,7.854930468750000000e+04,7.711209375000000000e+04,6.902669531250000000e+04,4.762372656250000000e+04,3.274349414062500000e+04,5.641900390625000000e+03
3.936072265625000000e+04,4.329988281250000000e+04,3.946162890625000000e+04,3.718606640625000000e+04,3.383000000000000000e+04,2.573847460937500000e+04,2.031434570312500000e+04,5.582875976562500000e+03
1.559353125000000000e+05,1.814333281250000000e+05,1.974842656250000000e+05,2.119364062500000000e+05,1.845885625000000000e+05,1.066873359375000000e+05,4.919705078125000000e+04,4.914000488281250000e+03
1.360683007812500000e+04,1.444278808593750000e+04,1.418659472656250000e+04,1.444350390625000000e+04,1.293204882812500000e+04,8.531015625000000000e+03,5.779169921875000000e+03,1.948734252929687500e+03
8.430946875000000000e+04,9.705725000000000000e+04,1.004057890625000000e+05,1.039400625000000000e+05,9.205422656250000000e+04,5.687422265625000000e+04,3.274786328125000000e+04,5.091208496093750000e+03
1.251692109375000000e+05,1.451012968750000000e+05,1.587608906250000000e+05,1.648400312500000000e+05,1.470052187500000000e+05,8.458628906250000000e+04,4.336063281250000000e+04,4.425206054687500000e+03
3.690994921875000000e+04,4.232376171875000000e+04,4.476071093750000000e+04,4.416880859375000000e+04,3.849260937500000000e+04,2.640376953125000000e+04,1.444482324218750000e+04,2.372390380859375000e+03
4.056632187500000000e+05,4.700291875000000000e+05,5.225830312500000000e+05,5.432835000000000000e+05,4.782915000000000000e+05,2.835085312500000000e+05,1.285044687500000000e+05,1.328664843750000000e+04
2.195768125000000000e+05,2.598892343750000000e+05,2.771471250000000000e+05,2.520364687500000000e+05,2.096057031250000000e+05,1.771246250000000000e+05,9.784353125000000000e+04,8.950885742187500000e+03
1.243800000000000000e+05,1.450552656250000000e+05,1.531070312500000000e+05,1.593551406250000000e+05,1.431960000000000000e+05,8.357585156250000000e+04,4.540266406250000000e+04,5.096316894531250000e+03
3.424309765625000000e+04,3.914702343750000000e+04,4.532173046875000000e+04,4.789969921875000000e+04,4.224678515625000000e+04,2.393901367187500000e+04,9.066009765625000000e+03,1.001411804199218750e+03
1.614294375000000000e+05,1.856865937500000000e+05,1.924405625000000000e+05,2.081718125000000000e+05,1.873127812500000000e+05,1.032312578125000000e+05,5.695628515625000000e+04,8.993042968750000000e+03
1.008635546875000000e+05,1.145494531250000000e+05,1.316606875000000000e+05,1.422219062500000000e+05,1.209206562500000000e+05,7.142836718750000000e+04,2.599002343750000000e+04,3.621087402343750000e+03
1.499861093750000000e+05,1.732450781250000000e+05,1.887011250000000000e+05,1.894350156250000000e+05,1.633328750000000000e+05,1.097019921875000000e+05,5.351554687500000000e+04,7.339227539062500000e+03
2.676892578125000000e+04,2.975265429687500000e+04,3.170965429687500000e+04,3.643169531250000000e+04,3.398860937500000000e+04,1.517537011718750000e+04,7.779838867187500000e+03,1.826646728515625000e+03
2.384755156250000000e+05,2.732748437500000000e+05,2.926066562500000000e+05,3.194530312500000000e+05,2.891728437500000000e+05,1.507597812500000000e+05,7.776082812500000000e+04,1.160840722656250000e+04
1.760545312500000000e+05,2.046925312500000000e+05,2.261518125000000000e+05,2.302580312500000000e+05,1.996768593750000000e+05,1.267583984375000000e+05,5.998332421875000000e+04,6.056521972656250000e+03
1.198881718750000000e+05,1.394046718750000000e+05,1.563723750000000000e+05,1.628832343750000000e+05,1.384862500000000000e+05,8.780323437500000000e+04,3.729296484375000000e+04,3.187623291015625000e+03
1.063463359375000000e+05,1.242652968750000000e+05,1.356011093750000000e+05,1.395934062500000000e+05,1.213411406250000000e+05,7.546604687500000000e+04,3.740698046875000000e+04,3.314167480468750000e+03
1.583433437500000000e+05,1.813455312500000000e+05,1.722013906250000000e+05,1.697665468750000000e+05,1.529846406250000000e+05,1.057313046875000000e+05,7.476912500000000000e+04,1.584382128906250000e+04
2.719231875000000000e+05,3.141625000000000000e+05,3.482556875000000000e+05,3.881239687500000000e+05,3.556224687500000000e+05,1.689015781250000000e+05,7.503789062500000000e+04,7.020496093750000000e+03
1.147546171875000000e+05,1.329310781250000000e+05,1.446586250000000000e+05,1.492933437500000000e+05,1.324411718750000000e+05,7.909214843750000000e+04,3.920571484375000000e+04,4.390462402343750000e+03
7.323410156250000000e+04,8.319276562500000000e+04,8.211044531250000000e+04,7.973333593750000000e+04,6.723991406250000000e+04,5.315391796875000000e+04,3.280882421875000000e+04,7.047271484375000000e+03
3.191147187500000000e+05,3.690773750000000000e+05,3.875054375000000000e+05,4.272083437500000000e+05,3.963781250000000000e+05,1.935880000000000000e+05,1.071556562500000000e+05,1.412170312500000000e+04
1.135075375000000000e+06,1.322870625000000000e+06,1.474457000000000000e+06,1.606078750000000000e+06,1.489599125000000000e+06,7.123540625000000000e+05,3.309719687500000000e+05,2.066100000000000000e+04
8.463097656250000000e+04,9.850246093750000000e+04,1.056744375000000000e+05,9.819029687500000000e+04,8.164824218750000000e+04,6.718209375000000000e+04,3.550321093750000000e+04,4.343016601562500000e+03
6.367413750000000000e+05,7.392908125000000000e+05,8.636798750000000000e+05,8.811081875000000000e+05,7.769299375000000000e+05,4.629685625000000000e+05,1.731404062500000000e+05,1.020632714843750000e+04
1.622725976562500000e+04,1.812732421875000000e+04,1.772167578125000000e+04,1.730330468750000000e+04,1.489821679687500000e+04,1.133363281250000000e+04,7.306684082031250000e+03,1.780149902343750000e+03
4.823783593750000000e+04,5.614867968750000000e+04,5.181338281250000000e+04,4.520398046875000000e+04,3.953235156250000000e+04,3.547417187500000000e+04,2.687973046875000000e+04,4.853278808593750000e+03
3.666629062500000000e+05,4.300481562500000000e+05,4.488008750000000000e+05,4.645415937500000000e+05,4.070614687500000000e+05,2.556752187500000000e+05,1.364425156250000000e+05,1.555474121093750000e+04
1.734709687500000000e+05,2.010049218750000000e+05,2.245958281250000000e+05,2.380478750000000000e+05,2.082422343750000000e+05,1.205473281250000000e+05,5.204165625000000000e+04,4.786759277343750000e+03
3.114676875000000000e+05,3.543403437500000000e+05,3.933691875000000000e+05,4.200791250000000000e+05,3.646719687500000000e+05,2.159969687500000000e+05,9.165223437500000000e+04,1.576718554687500000e+04
3.380823750000000000e+05,3.956093437500000000e+05,4.429609687500000000e+05,4.419903125000000000e+05,3.796437812500000000e+05,2.514498281250000000e+05,1.167609375000000000e+05,8.884819335937500000e+03
8.053756875000000000e+05,9.622141875000000000e+05,1.036246562500000000e+06,9.967845625000000000e+05,8.599939375000000000e+05,6.074791250000000000e+05,3.336937812500000000e+05,1.739558007812500000e+04
2.996275625000000000e+05,3.486364375000000000e+05,3.253088750000000000e+05,3.079868437500000000e+05,2.733409687500000000e+05,2.086433281250000000e+05,1.526185468750000000e+05,2.782704296875000000e+04
2.165509375000000000e+05,2.485620312500000000e+05,2.711132500000000000e+05,3.069009375000000000e+05,2.859922812500000000e+05,1.273193437500000000e+05,6.034028515625000000e+04,7.250772460937500000e+03
2.476471250000000000e+05,2.909006250000000000e+05,3.121358437500000000e+05,3.043888437500000000e+05,2.628936250000000000e+05,1.828240468750000000e+05,9.999414062500000000e+04,9.287369140625000000e+03
8.769741875000000000e+05,1.036294625000000000e+06,1.049151500000000000e+06,1.035842937500000000e+06,8.907378125000000000e+05,6.388381250000000000e+05,3.736758750000000000e+05,4.264995312500000000e+04
1.370541093750000000e+05,1.560535156250000000e+05,1.721832343750000000e+05,1.935546406250000000e+05,1.754509218750000000e+05,8.460576562500000000e+04,3.762060546875000000e+04,5.370863769531250000e+03
1.131072421875000000e+05,1.305959765625000000e+05,1.439340312500000000e+05,1.568330625000000000e+05,1.390204218750000000e+05,7.475136718750000000e+04,3.316864453125000000e+04,3.549026855468750000e+03
7.581671875000000000e+05,8.712638750000000000e+05,1.033691375000000000e+06,1.134542875000000000e+06,9.886141875000000000e+05,5.252725000000000000e+05,1.599571093750000000e+05,8.968633789062500000e+03
1.196269140625000000e+05,1.388091718750000000e+05,1.504027812500000000e+05,1.544531718750000000e+05,1.325586093750000000e+05,8.626578125000000000e+04,4.173126171875000000e+04,4.846049316406250000e+03
7.103827343750000000e+04,8.038124218750000000e+04,8.403232812500000000e+04,9.135707031250000000e+04,8.242202343750000000e+04,4.473886718750000000e+04,2.439396289062500000e+04,4.833319335937500000e+03
5.345346875000000000e+05,6.303548125000000000e+05,6.722122500000000000e+05,6.818141875000000000e+05,5.992823750000000000e+05,3.795534687500000000e+05,2.045070468750000000e+05,1.670320703125000000e+04
2.267245625000000000e+05,2.679550312500000000e+05,2.789247812500000000e+05,2.704669062500000000e+05,2.373168593750000000e+05,1.645886406250000000e+05,9.750359375000000000e+04,9.320289062500000000e+03
1.343463750000000000e+05,1.547307500000000000e+05,1.392568125000000000e+05,1.308856328125000000e+05,1.212096250000000000e+05,8.868855468750000000e+04,7.216964062500000000e+04,1.476813867187500000e+04
5.315873750000000000e+05,6.131978125000000000e+05,6.899058125000000000e+05,7.423278125000000000e+05,6.668424375000000000e+05,3.493526875000000000e+05,1.528658437500000000e+05,1.503387109375000000e+04
4.066675781250000000e+04,4.579162109375000000e+04,4.775913671875000000e+04,5.112707421875000000e+04,4.508310546875000000e+04,2.648657617187500000e+04,1.457878027343750000e+04,2.927225341796875000e+03
8.408670000000000000e+05,9.797905625000000000e+05,1.110998125000000000e+06,1.124588000000000000e+06,9.738323125000000000e+05,6.197533125000000000e+05,2.602891250000000000e+05,2.054696875000000000e+04
1.096744140625000000e+04,1.113834179687500000e+04,1.116829687500000000e+04,1.178965722656250000e+04,1.077484863281250000e+04,6.393140136718750000e+03,4.228743652343750000e+03,1.771956420898437500e+03
1.780680781250000000e+05,2.065685000000000000e+05,1.974579375000000000e+05,1.804335937500000000e+05,1.549460781250000000e+05,1.315284843750000000e+05,9.164972656250000000e+04,1.672130664062500000e+04
2.832428750000000000e+05,3.348215937500000000e+05,3.117873750000000000e+05,2.848208437500000000e+05,2.506180156250000000e+05,2.047034687500000000e+05,1.507160156250000000e+05,2.299075781250000000e+04
6.662256250000000000e+05,7.857228750000000000e+05,8.588011250000000000e+05,8.092700000000000000e+05,6.890548125000000000e+05,5.218502812500000000e+05,2.604531093750000000e+05,2.203787695312500000e+04
2.018582187500000000e+05,2.389129218750000000e+05,2.304481875000000000e+05,2.195194375000000000e+05,1.965829843750000000e+05,1.412924375000000000e+05,9.890939062500000000e+04,1.293902148437500000e+04
4.665854375000000000e+05,5.483438125000000000e+05,6.047911875000000000e+05,6.224958125000000000e+05,5.361027500000000000e+05,3.408856250000000000e+05,1.533851406250000000e+05,1.085863378906250000e+04
3.890845937500000000e+05,4.570920000000000000e+05,5.059125937500000000e+05,5.090285937500000000e+05,4.435456875000000000e+05,2.837338750000000000e+05,1.375838750000000000e+05,9.435121093750000000e+03
7.707036250000000000e+05,9.205907500000000000e+05,9.416560000000000000e+05,9.104626250000000000e+05,7.906445000000000000e+05,5.689685625000000000e+05,3.390160312500000000e+05,2.920226562500000000e+04
1.034520390625000000e+05,1.180525546875000000e+05,1.276734140625000000e+05,1.437629531250000000e+05,1.281324296875000000e+05,6.515112500000000000e+04,2.981148046875000000e+04,4.660460449218750000e+03
1.320120312500000000e+05,1.510822343750000000e+05,1.789641875000000000e+05,1.906348437500000000e+05,1.560287500000000000e+05,1.032993593750000000e+05,3.042989062500000000e+04,2.903968505859375000e+03
8.975993750000000000e+04,1.014607578125000000e+05,1.168130390625000000e+05,1.354344218750000000e+05,1.250301484375000000e+05,5.265985937500000000e+04,1.911240234375000000e+04,2.481221923828125000e+03
5.229949609375000000e+04,6.051790625000000000e+04,6.672351562500000000e+04,6.558521093750000000e+04,5.662291015625000000e+04,3.869745703125000000e+04,1.901704296875000000e+04,2.240969726562500000e+03
5.062400937500000000e+05,5.807745625000000000e+05,6.696375625000000000e+05,7.213358750000000000e+05,6.143664375000000000e+05,3.675371562500000000e+05,1.273623515625000000e+05,1.376560449218750000e+04
3.166089648437500000e+04,3.501708984375000000e+04,3.998310156250000000e+04,4.581787500000000000e+04,4.060194921875000000e+04,1.973716210937500000e+04,7.145212402343750000e+03,1.645300659179687500e+03
6.732956250000000000e+04,7.747100000000000000e+04,8.779403125000000000e+04,9.430528906250000000e+04,8.332105468750000000e+04,4.556751953125000000e+04,1.861250390625000000e+04,1.946833496093750000e+03
4.666452734375000000e+04,5.224982031250000000e+04,5.284080859375000000e+04,5.613926953125000000e+04,5.054791015625000000e+04,2.960526562500000000e+04,1.784553515625000000e+04,4.098309082031250000e+03
8.256593750000000000e+04,9.545217968750000000e+04,1.054959296875000000e+05,1.103154765625000000e+05,9.552857812500000000e+04,5.838878515625000000e+04,2.623864453125000000e+04,2.880178955078125000e+03
4.626331562500000000e+05,5.329100625000000000e+05,6.163673750000000000e+05,6.826554375000000000e+05,6.190244375000000000e+05,2.999176875000000000e+05,1.113466328125000000e+05,7.344207031250000000e+03
5.867828750000000000e+05,6.868081250000000000e+05,7.672295000000000000e+05,7.847211250000000000e+05,6.781792500000000000e+05,4.258935625000000000e+05,1.955433437500000000e+05,1.361843261718750000e+04
4.473900625000000000e+05,5.214206562500000000e+05,5.793984375000000000e+05,6.302666250000000000e+05,5.500158125000000000e+05,3.065189062500000000e+05,1.300878046875000000e+05,9.496448242187500000e+03
3.295051250000000000e+05,3.805396250000000000e+05,3.991042812500000000e+05,4.205647812500000000e+05,3.772349062500000000e+05,2.170348750000000000e+05,1.211911718750000000e+05,1.739240820312500000e+04
1.590763769531250000e+04,1.695875585937500000e+04,1.767442187500000000e+04,1.942191992187500000e+04,1.802308398437500000e+04,9.186780273437500000e+03,5.314036132812500000e+03,1.782423950195312500e+03
5.946563750000000000e+05,6.913225000000000000e+05,7.659275000000000000e+05,7.810907500000000000e+05,6.920083750000000000e+05,4.157742812500000000e+05,1.997032812500000000e+05,1.946501562500000000e+04
2.451835625000000000e+05,2.868089062500000000e+05,3.074551875000000000e+05,3.168975937500000000e+05,2.776113437500000000e+05,1.721621562500000000e+05,8.723842187500000000e+04,8.659610351562500000e+03
1.472717500000000000e+05,1.700771718750000000e+05,1.889015625000000000e+05,2.068372500000000000e+05,1.938948593750000000e+05,8.937847656250000000e+04,4.338707812500000000e+04,3.938434814453125000e+03
9.865619531250000000e+04,1.138984375000000000e+05,1.271434765625000000e+05,1.334490000000000000e+05,1.190511015625000000e+05,6.722729687500000000e+04,3.144512109375000000e+04,3.123935546875000000e+03
4.814057421875000000e+04,5.440700390625000000e+04,6.346167578125000000e+04,7.018346093750000000e+04,6.092787890625000000e+04,3.282136328125000000e+04,1.096222656250000000e+04,1.545170898437500000e+03
6.168727734375000000e+04,7.070846093750000000e+04,7.619807812500000000e+04,7.683795312500000000e+04,6.631155468750000000e+04,4.437333593750000000e+04,2.221917773437500000e+04,3.339704833984375000e+03
1.529530375000000000e+06,1.757719375000000000e+06,2.074017375000000000e+06,2.351461000000000000e+06,1.999774875000000000e+06,1.074839875000000000e+06,3.052290625000000000e+05,1.632405957031250000e+04
8.639107812500000000e+04,9.796312500000000000e+04,9.649856250000000000e+04,9.261998437500000000e+04,7.953003906250000000e+04,6.162942968750000000e+04,4.039187109375000000e+04,8.735239257812500000e+03
9.624064375000000000e+05,1.142370375000000000e+06,1.239989000000000000e+06,1.237578875000000000e+06,1.053043000000000000e+06,7.201136250000000000e+05,3.653487187500000000e+05,2.125236718750000000e+04
6.257208750000000000e+05,7.238448750000000000e+05,8.227280000000000000e+05,8.805040625000000000e+05,7.925991250000000000e+05,4.210030312500000000e+05,1.727251562500000000e+05,1.421950097656250000e+04
5.839109375000000000e+05,6.877100000000000000e+05,7.943585625000000000e+05,7.597744375000000000e+05,6.427366875000000000e+05,4.601141875000000000e+05,2.007883281250000000e+05,8.831563476562500000e+03
5.348942578125000000e+04,6.141041015625000000e+04,6.070467187500000000e+04,5.990681640625000000e+04,5.348855468750000000e+04,3.616773437500000000e+04,2.399008007812500000e+04,4.191707519531250000e+03
5.396897265625000000e+04,6.238118359375000000e+04,6.423329296875000000e+04,6.698932031250000000e+04,5.994225781250000000e+04,3.582011328125000000e+04,2.072847070312500000e+04,3.152117187500000000e+03
9.906392500000000000e+05,1.147118750000000000e+06,1.315105125000000000e+06,1.431351875000000000e+06,1.247287500000000000e+06,6.805278125000000000e+05,2.574459687500000000e+05,1.686298828125000000e+04
2.229570898437500000e+04,2.397219921875000000e+04,2.473651757812500000e+04,2.624794921875000000e+04,2.315707812500000000e+04,1.421618261718750000e+04,8.025083007812500000e+03,2.515967285156250000e+03
1.085373125000000000e+05,1.242090859375000000e+05,1.452697968750000000e+05,1.652264531250000000e+05,1.421832968750000000e+05,7.312867187500000000e+04,2.279409765625000000e+04,1.827042602539062500e+03
1.727179531250000000e+05,1.992083906250000000e+05,2.218085625000000000e+05,2.455068437500000000e+05,2.202350625000000000e+05,1.110562968750000000e+05,4.712880078125000000e+04,4.684020019531250000e+03
1.671699531250000000e+05,1.925688437500000000e+05,2.213822031250000000e+05,2.396770781250000000e+05,2.066099375000000000e+05,1.171254531250000000e+05,4.393335937500000000e+04,3.684154296875000000e+03
5.953531875000000000e+05,7.027547500000000000e+05,7.145255000000000000e+05,7.029401875000000000e+05,6.094060625000000000e+05,4.326770312500000000e+05,2.517715781250000000e+05,2.906185156250000000e+04
4.162045937500000000e+05,4.844399375000000000e+05,5.319850000000000000e+05,5.848021875000000000e+05,5.206109062500000000e+05,2.735912812500000000e+05,1.237876796875000000e+05,1.019964257812500000e+04
1.815255625000000000e+05,2.090321250000000000e+05,2.421102500000000000e+05,2.651217187500000000e+05,2.120752031250000000e+05,1.352487031250000000e+05,4.571462890625000000e+04,3.921291748046875000e+03
1.273767109375000000e+05,1.472403437500000000e+05,1.433687968750000000e+05,1.445954375000000000e+05,1.346541875000000000e+05,8.169977343750000000e+04,5.632573437500000000e+04,9.912142578125000000e+03
3.474454375000000000e+05,3.971665312500000000e+05,4.021369062500000000e+05,4.169510312500000000e+05,3.747185625000000000e+05,2.282182656250000000e+05,1.394127968750000000e+05,2.715864062500000000e+04
5.432760625000000000e+05,6.295991875000000000e+05,7.406258125000000000e+05,7.704770000000000000e+05,6.741359375000000000e+05,3.879454375000000000e+05,1.406358750000000000e+05,7.239710449218750000e+03
6.521289375000000000e+05,7.528407500000000000e+05,8.765453125000000000e+05,9.386931875000000000e+05,8.426695000000000000e+05,4.327220937500000000e+05,1.669076250000000000e+05,1.035117187500000000e+04
3.093491562500000000e+05,3.580737187500000000e+05,4.079932812500000000e+05,4.352162500000000000e+05,3.751817812500000000e+05,2.211548437500000000e+05,8.489563281250000000e+04,7.090462890625000000e+03
8.111644531250000000e+04,9.341217187500000000e+04,1.071950156250000000e+05,1.151190781250000000e+05,1.054563281250000000e+05,5.306604296875000000e+04,2.145556250000000000e+04,1.806312622070312500e+03
1.190408281250000000e+05,1.388862968750000000e+05,1.525345156250000000e+05,1.581814531250000000e+05,1.432810156250000000e+05,8.055907812500000000e+04,4.027430859375000000e+04,3.396396728515625000e+03
6.176040234375000000e+04,6.905841406250000000e+04,7.209732812500000000e+04,7.936518750000000000e+04,7.252409375000000000e+04,3.753271093750000000e+04,2.045405078125000000e+04,4.578762695312500000e+03
4.564485312500000000e+05,5.186486875000000000e+05,5.498876250000000000e+05,6.132899375000000000e+05,5.565907500000000000e+05,2.819320312500000000e+05,1.428160468750000000e+05,2.611456250000000000e+04
1.566281562500000000e+05,1.867502968750000000e+05,1.833652500000000000e+05,1.710624531250000000e+05,1.501473281250000000e+05,1.144669765625000000e+05,7.678474218750000000e+04,8.736824218750000000e+03
1.054794750000000000e+06,1.226507000000000000e+06,1.396143375000000000e+06,1.470984000000000000e+06,1.260476500000000000e+06,7.686083750000000000e+05,3.009192812500000000e+05,2.130204101562500000e+04
8.831077148437500000e+03,1.018170605468750000e+04,1.062148242187500000e+04,1.023385644531250000e+04,8.645821289062500000e+03,6.614178222656250000e+03,3.693834472656250000e+03,5.696904907226562500e+02
4.732095937500000000e+05,5.471341250000000000e+05,6.041838750000000000e+05,6.466718125000000000e+05,5.448457500000000000e+05,3.426062187500000000e+05,1.448623750000000000e+05,1.671080078125000000e+04
1.996601250000000000e+05,2.289078437500000000e+05,2.672291562500000000e+05,3.065881875000000000e+05,2.765984062500000000e+05,1.236961093750000000e+05,4.119078125000000000e+04,2.507438720703125000e+03
3.561311250000000000e+05,4.134200625000000000e+05,4.587283437500000000e+05,4.831710312500000000e+05,4.326053125000000000e+05,2.394557031250000000e+05,1.132571875000000000e+05,1.022650097656250000e+04
2.527546250000000000e+05,2.982789062500000000e+05,2.973065000000000000e+05,2.832487500000000000e+05,2.578128437500000000e+05,1.759827656250000000e+05,1.192158125000000000e+05,1.444905761718750000e+04
6.769300000000000000e+04,7.748152343750000000e+04,8.453167187500000000e+04,8.795371093750000000e+04,7.689762500000000000e+04,4.688844531250000000e+04,2.330677929687500000e+04,3.226215332031250000e+03
8.915949375000000000e+05,1.019966625000000000e+06,1.178876500000000000e+06,1.396806000000000000e+06,1.343387875000000000e+06,4.826005312500000000e+05,1.717673593750000000e+05,1.021787402343750000e+04
1.115735937500000000e+05,1.300963515625000000e+05,1.451020000000000000e+05,1.463160312500000000e+05,1.281350312500000000e+05,7.951364843750000000e+04,3.876782421875000000e+04,3.205390380859375000e+03
4.601085000000000000e+05,5.435831250000000000e+05,5.969605625000000000e+05,5.595918125000000000e+05,4.741492812500000000e+05,3.588914062500000000e+05,1.830875156250000000e+05,1.403379980468750000e+04
4.161598437500000000e+04,4.719048828125000000e+04,5.209625781250000000e+04,5.556489843750000000e+04,4.860660546875000000e+04,2.817676562500000000e+04,1.298768652343750000e+04,2.069107177734375000e+03
3.980629296875000000e+04,4.444647656250000000e+04,4.656664843750000000e+04,4.841723828125000000e+04,4.408508203125000000e+04,2.557307617187500000e+04,1.469383007812500000e+04,3.240662597656250000e+03
2.493948437500000000e+05,2.916215937500000000e+05,3.063180000000000000e+05,3.019678437500000000e+05,2.655141250000000000e+05,1.779636406250000000e+05,1.025579609375000000e+05,1.184975390625000000e+04
3.520200781250000000e+04,3.884330859375000000e+04,3.929388671875000000e+04,4.211668359375000000e+04,3.806632812500000000e+04,2.177675585937500000e+04,1.310055957031250000e+04,3.455723632812500000e+03
9.516377343750000000e+04,1.102574453125000000e+05,1.175047890625000000e+05,1.175723906250000000e+05,1.034037500000000000e+05,6.752769531250000000e+04,3.682150390625000000e+04,4.765668457031250000e+03
1.755753125000000000e+04,1.898933007812500000e+04,1.985378320312500000e+04,2.173765820312500000e+04,2.044740429687500000e+04,1.012834277343750000e+04,5.840791015625000000e+03,1.748107299804687500e+03
1.393335156250000000e+05,1.632545468750000000e+05,1.733582187500000000e+05,1.735343281250000000e+05,1.501909062500000000e+05,1.009051250000000000e+05,5.360603515625000000e+04,5.558273925781250000e+03
2.151723750000000000e+05,2.466132812500000000e+05,2.352218281250000000e+05,2.275790781250000000e+05,1.998589062500000000e+05,1.493890937500000000e+05,1.030439921875000000e+05,2.137288671875000000e+04
3.056777500000000000e+05,3.550153437500000000e+05,3.298408125000000000e+05,3.046075000000000000e+05,2.711430625000000000e+05,2.153268281250000000e+05,1.604782031250000000e+05,3.066006640625000000e+04
8.090242500000000000e+05,9.581908750000000000e+05,1.040687250000000000e+06,1.006246812500000000e+06,8.811067500000000000e+05,5.947557500000000000e+05,3.238105625000000000e+05,2.150321289062500000e+04
2.797883125000000000e+05,3.223674687500000000e+05,3.524599375000000000e+05,3.798626562500000000e+05,3.339696250000000000e+05,1.888043906250000000e+05,8.626051562500000000e+04,1.103848632812500000e+04
1.181106015625000000e+05,1.383770156250000000e+05,1.512785000000000000e+05,1.505092343750000000e+05,1.287697265625000000e+05,8.811862500000000000e+04,4.243250000000000000e+04,3.835323486328125000e+03
4.381065000000000000e+05,5.072043125000000000e+05,5.660631875000000000e+05,6.008379375000000000e+05,5.077189062500000000e+05,3.184173437500000000e+05,1.331537812500000000e+05,1.343924902343750000e+04
2.020773242187500000e+04,2.276229296875000000e+04,2.256200781250000000e+04,2.182870507812500000e+04,1.913619921875000000e+04,1.405113769531250000e+04,9.144695312500000000e+03,1.944766601562500000e+03
2.251030312500000000e+05,2.646100000000000000e+05,2.865763125000000000e+05,2.729288125000000000e+05,2.363658125000000000e+05,1.694417500000000000e+05,9.159308593750000000e+04,8.132315917968750000e+03
1.418396250000000000e+05,1.644135468750000000e+05,1.826826406250000000e+05,2.014703437500000000e+05,1.763572500000000000e+05,9.551092187500000000e+04,3.995908984375000000e+04,3.502953369140625000e+03
7.923000781250000000e+04,9.052830468750000000e+04,1.043576484375000000e+05,1.145651875000000000e+05,9.897625000000000000e+04,5.451786328125000000e+04,1.928822656250000000e+04,2.161890136718750000e+03
5.796467500000000000e+05,6.661856875000000000e+05,7.621296250000000000e+05,8.782172500000000000e+05,7.827208750000000000e+05,3.630181875000000000e+05,1.267210937500000000e+05,9.605521484375000000e+03
9.747232812500000000e+04,1.121282187500000000e+05,1.302543203125000000e+05,1.367969062500000000e+05,1.186670468750000000e+05,6.912690625000000000e+04,2.613168750000000000e+04,2.306862792968750000e+03
2.157347031250000000e+05,2.534602500000000000e+05,2.585818906250000000e+05,2.641678437500000000e+05,2.432867187500000000e+05,1.416514375000000000e+05,8.714191406250000000e+04,9.650813476562500000e+03
2.922669375000000000e+05,3.432468437500000000e+05,3.347436875000000000e+05,3.221737500000000000e+05,2.860535312500000000e+05,2.045711406250000000e+05,1.393484062500000000e+05,2.011406250000000000e+04
2.496154218750000000e+05,2.908975625000000000e+05,3.298778125000000000e+05,3.390080625000000000e+05,2.933140625000000000e+05,1.819459375000000000e+05,7.775104687500000000e+04,5.442222167968750000e+03
4.254588750000000000e+05,4.928430312500000000e+05,5.505579375000000000e+05,5.949226250000000000e+05,5.176483125000000000e+05,2.935688125000000000e+05,1.215003046875000000e+05,1.086759765625000000e+04
7.119921875000000000e+05,8.123640625000000000e+05,9.674765625000000000e+05,1.155299250000000000e+06,9.704942500000000000e+05,4.715786250000000000e+05,1.136267343750000000e+05,5.452375000000000000e+03
1.458206875000000000e+05,1.672063750000000000e+05,1.643586562500000000e+05,1.605951406250000000e+05,1.400094375000000000e+05,1.027709765625000000e+05,6.611867187500000000e+04,1.240059570312500000e+04
5.451323828125000000e+04,6.205987500000000000e+04,6.629017968750000000e+04,6.903033593750000000e+04,6.085742968750000000e+04,3.684061328125000000e+04,1.905230859375000000e+04,3.178521972656250000e+03
5.462365234375000000e+04,6.150962500000000000e+04,6.384935937500000000e+04,6.479406640625000000e+04,5.643846093750000000e+04,3.747507421875000000e+04,2.150582812500000000e+04,4.471367187500000000e+03
2.697455000000000000e+05,3.105483750000000000e+05,3.130943437500000000e+05,3.362838437500000000e+05,3.041057500000000000e+05,1.698283593750000000e+05,1.022678203125000000e+05,1.734940039062500000e+04
4.644821875000000000e+05,5.395699375000000000e+05,6.348726875000000000e+05,6.629901875000000000e+05,5.550387500000000000e+05,3.516221562500000000e+05,1.231385078125000000e+05,5.580862792968750000e+03
3.883820312500000000e+04,4.478322656250000000e+04,5.056269140625000000e+04,5.446467968750000000e+04,4.847393359375000000e+04,2.579848046875000000e+04,1.107054589843750000e+04,1.054089233398437500e+03
2.416939531250000000e+05,2.793342187500000000e+05,3.243048437500000000e+05,3.508128437500000000e+05,3.049764687500000000e+05,1.675016406250000000e+05,6.206934765625000000e+04,3.767544921875000000e+03
1.270365781250000000e+05,1.476782656250000000e+05,1.628476875000000000e+05,1.632065625000000000e+05,1.408254375000000000e+05,9.246403906250000000e+04,4.522337500000000000e+04,4.526341308593750000e+03
8.632292968750000000e+04,1.005180781250000000e+05,1.089919687500000000e+05,1.175532968750000000e+05,1.062140390625000000e+05,5.609673437500000000e+04,2.729586914062500000e+04,2.603635986328125000e+03
2.839304375000000000e+05,3.259801250000000000e+05,3.678774062500000000e+05,4.146467500000000000e+05,3.796000000000000000e+05,1.750448437500000000e+05,7.004485156250000000e+04,6.680323730468750000e+03
2.255963906250000000e+05,2.656264687500000000e+05,2.741276250000000000e+05,2.719449375000000000e+05,2.339668593750000000e+05,1.652919843750000000e+05,9.163707031250000000e+04,1.053350000000000000e+04
5.243583203125000000e+04,5.928078515625000000e+04,6.668823437500000000e+04,6.909823437500000000e+04,6.197362109375000000e+04,3.504357812500000000e+04,1.591665625000000000e+04,2.604935058593750000e+03
3.485334375000000000e+05,4.046828125000000000e+05,4.530456562500000000e+05,4.947625625000000000e+05,4.387495000000000000e+05,2.316035937500000000e+05,9.711971875000000000e+04,7.307568359375000000e+03
1.722134687500000000e+05,2.034177500000000000e+05,2.222640000000000000e+05,2.067192500000000000e+05,1.741977656250000000e+05,1.370738125000000000e+05,7.016282031250000000e+04,5.602078125000000000e+03
1.297705546875000000e+05,1.530020000000000000e+05,1.545915937500000000e+05,1.444965625000000000e+05,1.313636562500000000e+05,9.151427343750000000e+04,6.090987109375000000e+04,7.026836425781250000e+03
1.901047656250000000e+05,2.255208906250000000e+05,2.388734531250000000e+05,2.285670781250000000e+05,1.941546562500000000e+05,1.450262187500000000e+05,7.906136718750000000e+04,6.746115722656250000e+03
4.817363125000000000e+05,5.654087500000000000e+05,6.535962500000000000e+05,6.324746875000000000e+05,5.324768750000000000e+05,3.801134062500000000e+05,1.593142812500000000e+05,8.109692871093750000e+03
3.610358437500000000e+05,4.212592187500000000e+05,4.874710625000000000e+05,4.799908125000000000e+05,4.151114062500000000e+05,2.759325625000000000e+05,1.096068828125000000e+05,6.974763183593750000e+03
1.605425156250000000e+05,1.885924843750000000e+05,1.948025312500000000e+05,1.909714843750000000e+05,1.663851718750000000e+05,1.156091484375000000e+05,6.758031250000000000e+04,7.841755859375000000e+03
2.981981875000000000e+05,3.496532812500000000e+05,3.952284687500000000e+05,3.902128125000000000e+05,3.280912812500000000e+05,2.302179687500000000e+05,1.023822734375000000e+05,6.812554199218750000e+03
2.303540625000000000e+05,2.671248437500000000e+05,2.749263125000000000e+05,2.690130312500000000e+05,2.291566718750000000e+05,1.693101093750000000e+05,9.775025000000000000e+04,1.471273632812500000e+04
2.144609375000000000e+05,2.475920156250000000e+05,2.336169062500000000e+05,2.280633437500000000e+05,2.048855937500000000e+05,1.442680937500000000e+05,1.038804140625000000e+05,2.062301757812500000e+04
4.884681640625000000e+04,5.548303125000000000e+04,5.966399609375000000e+04,6.272231250000000000e+04,5.586115625000000000e+04,3.240938867187500000e+04,1.663762500000000000e+04,2.778211181640625000e+03
2.594155000000000000e+05,3.041189375000000000e+05,3.252533125000000000e+05,3.469616562500000000e+05,3.098584375000000000e+05,1.720970312500000000e+05,8.999776562500000000e+04,7.732786132812500000e+03
1.201557343750000000e+05,1.396322031250000000e+05,1.565485468750000000e+05,1.646865468750000000e+05,1.401360781250000000e+05,8.723544531250000000e+04,3.601792578125000000e+04,3.113104003906250000e+03
3.514801875000000000e+05,4.218285000000000000e+05,4.147963125000000000e+05,3.811260000000000000e+05,3.264370312500000000e+05,2.664560000000000000e+05,1.743804062500000000e+05,1.781096093750000000e+04
3.103029687500000000e+05,3.576890000000000000e+05,4.180127500000000000e+05,4.479952500000000000e+05,3.858860937500000000e+05,2.198380937500000000e+05,7.838932812500000000e+04,5.443115234375000000e+03
1.397452968750000000e+05,1.623332500000000000e+05,1.820116875000000000e+05,1.902158281250000000e+05,1.645860781250000000e+05,1.000181171875000000e+05,4.304600390625000000e+04,3.744973632812500000e+03
1.437001875000000000e+05,1.667220937500000000e+05,1.790033125000000000e+05,1.778222031250000000e+05,1.536083593750000000e+05,1.045972421875000000e+05,5.449968359375000000e+04,6.545872070312500000e+03
2.053379218750000000e+05,2.356063437500000000e+05,2.729653750000000000e+05,3.006578437500000000e+05,2.645546250000000000e+05,1.398700312500000000e+05,4.820900781250000000e+04,4.263930664062500000e+03
1.071436953125000000e+05,1.239386875000000000e+05,1.306005546875000000e+05,1.371512500000000000e+05,1.228234687500000000e+05,7.109260937500000000e+04,3.887228125000000000e+04,5.087612792968750000e+03
1.390346875000000000e+05,1.582652500000000000e+05,1.869611562500000000e+05,2.163657343750000000e+05,1.887894375000000000e+05,9.018855468750000000e+04,2.547143164062500000e+04,2.162218750000000000e+03
1.249486875000000000e+05,1.447427812500000000e+05,1.525077656250000000e+05,1.538231718750000000e+05,1.327925312500000000e+05,8.959310937500000000e+04,4.857526562500000000e+04,6.700693847656250000e+03
6.083084375000000000e+05,7.197735625000000000e+05,7.561362500000000000e+05,7.661451875000000000e+05,6.534547500000000000e+05,4.433718125000000000e+05,2.325629375000000000e+05,2.058894921875000000e+04
7.223071875000000000e+05,8.342487500000000000e+05,9.334037500000000000e+05,1.042523562500000000e+06,9.392900625000000000e+05,4.573765625000000000e+05,1.964289375000000000e+05,1.705059179687500000e+04
1.234031250000000000e+04,1.333196289062500000e+04,1.255484375000000000e+04,1.272398339843750000e+04,1.142604101562500000e+04,7.783302246093750000e+03,5.645456542968750000e+03,1.826642700195312500e+03
1.792883125000000000e+05,2.087953750000000000e+05,2.052191562500000000e+05,1.984507812500000000e+05,1.692488281250000000e+05,1.306363515625000000e+05,8.262341406250000000e+04,1.335559667968750000e+04
1.544782714843750000e+04,1.732180859375000000e+04,1.711352343750000000e+04,1.660598046875000000e+04,1.500610839843750000e+04,1.032709179687500000e+04,7.044648925781250000e+03,1.548380859375000000e+03
6.566612500000000000e+04,7.412042968750000000e+04,8.248357031250000000e+04,9.402793750000000000e+04,8.400259375000000000e+04,4.091456640625000000e+04,1.673635937500000000e+04,2.817466796875000000e+03
2.965512187500000000e+05,3.418307500000000000e+05,3.919035312500000000e+05,4.432798437500000000e+05,3.979017500000000000e+05,1.872749375000000000e+05,7.101846093750000000e+04,4.573136718750000000e+03
1.811908593750000000e+04,1.954908984375000000e+04,2.037158593750000000e+04,2.085602734375000000e+04,1.905363476562500000e+04,1.138750683593750000e+04,6.940178710937500000e+03,1.983908325195312500e+03
5.487210000000000000e+05,6.418213750000000000e+05,7.196593125000000000e+05,7.850450625000000000e+05,6.915593750000000000e+05,3.712558125000000000e+05,1.550029375000000000e+05,7.692464355468750000e+03
2.888918437500000000e+05,3.324059375000000000e+05,3.875882500000000000e+05,4.104563437500000000e+05,3.418231562500000000e+05,2.199140625000000000e+05,7.337737500000000000e+04,6.535236328125000000e+03
1.224224765625000000e+05,1.402776406250000000e+05,1.545895937500000000e+05,1.638215937500000000e+05,1.424978125000000000e+05,8.471769531250000000e+04,3.806917578125000000e+04,5.515795410156250000e+03
1.937166562500000000e+05,2.239107343750000000e+05,2.474183750000000000e+05,2.702661250000000000e+05,2.449303437500000000e+05,1.241715156250000000e+05,5.764731250000000000e+04,5.682262207031250000e+03
1.866917500000000000e+05,2.132970468750000000e+05,2.013036406250000000e+05,1.962648281250000000e+05,1.754846562500000000e+05,1.258332578125000000e+05,9.059776562500000000e+04,1.847840820312500000e+04
3.354166015625000000e+04,3.863132031250000000e+04,4.340478906250000000e+04,4.713624609375000000e+04,4.067123828125000000e+04,2.328212890625000000e+04,9.222856445312500000e+03,9.863818969726562500e+02
2.214029375000000000e+05,2.560334062500000000e+05,2.348135156250000000e+05,2.133102187500000000e+05,1.881388281250000000e+05,1.577719375000000000e+05,1.192797031250000000e+05,2.348222851562500000e+04
1.643547500000000000e+05,1.889117187500000000e+05,1.991285000000000000e+05,2.209284218750000000e+05,2.132219843750000000e+05,9.401742187500000000e+04,5.231007812500000000e+04,7.405530761718750000e+03
4.833255625000000000e+05,5.558566250000000000e+05,6.462577500000000000e+05,7.356010000000000000e+05,6.516485000000000000e+05,3.127550625000000000e+05,1.040139609375000000e+05,6.168916015625000000e+03
4.107811562500000000e+05,4.787028437500000000e+05,5.331026250000000000e+05,5.891387500000000000e+05,5.302972500000000000e+05,2.634095937500000000e+05,1.172373515625000000e+05,7.037040527343750000e+03
2.618989843750000000e+04,2.950116015625000000e+04,3.404959765625000000e+04,3.862735546875000000e+04,3.422805468750000000e+04,1.668592382812500000e+04,5.886248046875000000e+03,9.056308593750000000e+02
1.317473750000000000e+05,1.520462031250000000e+05,1.568170312500000000e+05,1.610238593750000000e+05,1.414638906250000000e+05,9.051084375000000000e+04,5.199421093750000000e+04,8.320864257812500000e+03
3.287748437500000000e+05,3.833653750000000000e+05,4.110292812500000000e+05,3.932219062500000000e+05,3.404254062500000000e+05,2.433001875000000000e+05,1.340591562500000000e+05,1.591698339843750000e+04
2.746218359375000000e+04,3.107095898437500000e+04,2.879048046875000000e+04,2.668654882812500000e+04,2.401131054687500000e+04,1.874011328125000000e+04,1.428582421875000000e+04,3.157283935546875000e+03
1.772677031250000000e+05,2.036649531250000000e+05,2.345288906250000000e+05,2.347729375000000000e+05,1.902946718750000000e+05,1.453669687500000000e+05,5.267900000000000000e+04,6.213019531250000000e+03
4.627970312500000000e+05,5.292158750000000000e+05,6.256538125000000000e+05,7.129218750000000000e+05,6.390344375000000000e+05,2.977044687500000000e+05,8.792441406250000000e+04,5.666315429687500000e+03
1.810602656250000000e+05,2.146187500000000000e+05,2.096824062500000000e+05,1.826115312500000000e+05,1.555258593750000000e+05,1.406481093750000000e+05,9.641203906250000000e+04,1.239954296875000000e+04
3.230359062500000000e+05,3.761575625000000000e+05,4.270176562500000000e+05,4.533539687500000000e+05,3.839546562500000000e+05,2.357862187500000000e+05,9.302417968750000000e+04,6.071384765625000000e+03
1.303330078125000000e+05,1.506081250000000000e+05,1.692941250000000000e+05,1.758452968750000000e+05,1.511815156250000000e+05,9.295045312500000000e+04,4.123521484375000000e+04,4.068587158203125000e+03
1.199262656250000000e+05,1.365308125000000000e+05,1.548586250000000000e+05,1.706851875000000000e+05,1.533316875000000000e+05,7.647737500000000000e+04,3.129026367187500000e+04,4.120719238281250000e+03
3.768978125000000000e+04,4.274299218750000000e+04,4.347166406250000000e+04,4.259596875000000000e+04,3.667639453125000000e+04,2.676429296875000000e+04,1.601209277343750000e+04,3.140806640625000000e+03
8.452289062500000000e+04,9.895766406250000000e+04,1.076206875000000000e+05,9.902770312500000000e+04,8.292162500000000000e+04,6.747317968750000000e+04,3.525538671875000000e+04,3.625605224609375000e+03
1.170349531250000000e+05,1.351229062500000000e+05,1.496247656250000000e+05,1.512940781250000000e+05,1.321319531250000000e+05,8.353892968750000000e+04,4.072030468750000000e+04,4.552895019531250000e+03
3.784124609375000000e+04,4.179576171875000000e+04,4.504238671875000000e+04,4.899094531250000000e+04,4.363464062500000000e+04,2.397261132812500000e+04,1.203849707031250000e+04,2.942893310546875000e+03
2.186780625000000000e+05,2.513492500000000000e+05,2.558735937500000000e+05,2.592124062500000000e+05,2.297591562500000000e+05,1.490148281250000000e+05,9.055685937500000000e+04,1.585834472656250000e+04
1.124953671875000000e+05,1.316931093750000000e+05,1.416393437500000000e+05,1.326086250000000000e+05,1.097831718750000000e+05,8.937854687500000000e+04,4.603004687500000000e+04,5.066258789062500000e+03
2.779942812500000000e+05,3.217884687500000000e+05,3.731453750000000000e+05,3.885749062500000000e+05,3.335479062500000000e+05,2.025334843750000000e+05,7.637297656250000000e+04,5.608692871093750000e+03
1.849344531250000000e+05,2.111093125000000000e+05,2.468188906250000000e+05,2.815962812500000000e+05,2.434684843750000000e+05,1.234217343750000000e+05,3.768367968750000000e+04,3.407238281250000000e+03
1.505982031250000000e+05,1.731174843750000000e+05,1.728367812500000000e+05,1.795291093750000000e+05,1.636007812500000000e+05,9.700550000000000000e+04,6.114141796875000000e+04,1.066140917968750000e+04
1.268015781250000000e+05,1.470930156250000000e+05,1.554421250000000000e+05,1.630717187500000000e+05,1.442295000000000000e+05,8.560307812500000000e+04,4.563670312500000000e+04,5.625583984375000000e+03
4.669170937500000000e+05,5.392392500000000000e+05,5.229724687500000000e+05,4.869113437500000000e+05,4.292140937500000000e+05,3.337912187500000000e+05,2.325472968750000000e+05,4.306970703125000000e+04
3.934292187500000000e+04,4.322391796875000000e+04,4.482756250000000000e+04,4.864575390625000000e+04,4.365605859375000000e+04,2.444805859375000000e+04,1.360865625000000000e+04,3.636032226562500000e+03
1.224512656250000000e+05,1.432872812500000000e+05,1.565383281250000000e+05,1.513893437500000000e+05,1.286711953125000000e+05,9.372736718750000000e+04,4.617728906250000000e+04,4.516526367187500000e+03
1.437572656250000000e+05,1.646128906250000000e+05,1.904220000000000000e+05,2.091939062500000000e+05,1.852914062500000000e+05,9.516504687500000000e+04,3.554561718750000000e+04,3.266706542968750000e+03
1.981273281250000000e+05,2.281925468750000000e+05,2.619899062500000000e+05,2.823215625000000000e+05,2.410166875000000000e+05,1.436506406250000000e+05,5.106521875000000000e+04,4.897916992187500000e+03
1.334371000000000000e+06,1.528414750000000000e+06,1.843156625000000000e+06,2.052872875000000000e+06,1.728015125000000000e+06,9.820433750000000000e+05,2.410948593750000000e+05,1.187533593750000000e+04
3.293503125000000000e+05,3.831433750000000000e+05,4.154603437500000000e+05,4.560295937500000000e+05,4.152358125000000000e+05,2.088198281250000000e+05,1.000049062500000000e+05,9.244735351562500000e+03
1.427996093750000000e+05,1.641685937500000000e+05,1.912684531250000000e+05,2.061823437500000000e+05,1.847953281250000000e+05,9.495098437500000000e+04,3.503551562500000000e+04,2.700200195312500000e+03
1.453681406250000000e+05,1.653269687500000000e+05,1.940254062500000000e+05,2.210741250000000000e+05,1.901203750000000000e+05,9.841539843750000000e+04,2.906674023437500000e+04,3.028080566406250000e+03
5.925923750000000000e+05,6.888261250000000000e+05,7.791528750000000000e+05,8.288390000000000000e+05,7.517665625000000000e+05,3.954938750000000000e+05,1.734755000000000000e+05,1.160301464843750000e+04
9.635325781250000000e+04,1.110360234375000000e+05,1.125517812500000000e+05,1.169640781250000000e+05,1.075320468750000000e+05,6.105266015625000000e+04,3.823819531250000000e+04,6.074263671875000000e+03
3.851287187500000000e+05,4.424254687500000000e+05,4.964760312500000000e+05,5.573136250000000000e+05,5.207471562500000000e+05,2.310506093750000000e+05,9.871035156250000000e+04,9.470736328125000000e+03
1.840410000000000000e+05,2.179119375000000000e+05,2.402661250000000000e+05,2.237383593750000000e+05,1.902348281250000000e+05,1.457518125000000000e+05,7.259349218750000000e+04,5.092676757812500000e+03
2.061410625000000000e+05,2.408205156250000000e+05,2.471664218750000000e+05,2.629278437500000000e+05,2.464584843750000000e+05,1.278918593750000000e+05,7.806776562500000000e+04,9.516327148437500000e+03
1.035162750000000000e+06,1.194245250000000000e+06,1.379206125000000000e+06,1.513114000000000000e+06,1.377545250000000000e+06,6.600256875000000000e+05,2.518454843750000000e+05,1.662804101562500000e+04
7.389753906250000000e+04,8.547491406250000000e+04,8.694617968750000000e+04,8.641307812500000000e+04,7.741390625000000000e+04,5.063430078125000000e+04,3.117671679687500000e+04,4.772645507812500000e+03
6.720409375000000000e+05,7.873131875000000000e+05,8.198784375000000000e+05,8.853003750000000000e+05,8.204942500000000000e+05,4.200237187500000000e+05,2.325853125000000000e+05,2.458338671875000000e+04
2.969807812500000000e+05,3.436680625000000000e+05,3.635690937500000000e+05,4.034899375000000000e+05,3.761454062500000000e+05,1.784280937500000000e+05,9.659214062500000000e+04,1.190851855468750000e+04
1.938956093750000000e+05,2.253288906250000000e+05,2.496805625000000000e+05,2.714906562500000000e+05,2.358384687500000000e+05,1.329139062500000000e+05,5.756952734375000000e+04,4.907114746093750000e+03
2.715576367187500000e+04,3.067000585937500000e+04,3.347876171875000000e+04,3.708731640625000000e+04,3.353337109375000000e+04,1.696025781250000000e+04,8.079027343750000000e+03,1.397077758789062500e+03
2.648937890625000000e+04,2.962294335937500000e+04,3.264967578125000000e+04,3.788139843750000000e+04,3.528766015625000000e+04,1.503994238281250000e+04,6.653590820312500000e+03,1.347252685546875000e+03
1.807016562500000000e+05,2.079554218750000000e+05,2.172140468750000000e+05,2.163791718750000000e+05,1.857408906250000000e+05,1.297678046875000000e+05,7.319349218750000000e+04,1.181395019531250000e+04
1.102692968750000000e+05,1.275946015625000000e+05,1.375425625000000000e+05,1.492416875000000000e+05,1.325720156250000000e+05,7.259573437500000000e+04,3.551322265625000000e+04,4.142291992187500000e+03
7.607892500000000000e+05,8.943160000000000000e+05,9.739766875000000000e+05,9.866188125000000000e+05,8.250470625000000000e+05,5.753606875000000000e+05,2.642932187500000000e+05,2.206575585937500000e+04
2.806145117187500000e+04,3.186629296875000000e+04,3.569808203125000000e+04,3.738628515625000000e+04,3.153181054687500000e+04,2.058327148437500000e+04,8.452514648437500000e+03,1.351602416992187500e+03
3.233205937500000000e+05,3.746544375000000000e+05,4.212405625000000000e+05,4.290631875000000000e+05,3.671268437500000000e+05,2.378334843750000000e+05,1.025115390625000000e+05,1.051815820312500000e+04
3.318844921875000000e+04,3.699154687500000000e+04,3.484603906250000000e+04,3.468467187500000000e+04,3.110312695312500000e+04,2.165945507812500000e+04,1.561324707031250000e+04,4.101625976562500000e+03
3.378664062500000000e+05,3.889917187500000000e+05,4.227771562500000000e+05,4.542436562500000000e+05,4.078302500000000000e+05,2.212085156250000000e+05,1.091553515625000000e+05,1.426335742187500000e+04
3.738354687500000000e+04,4.260087500000000000e+04,4.821938671875000000e+04,5.215301953125000000e+04,4.564637890625000000e+04,2.530240625000000000e+04,1.047323925781250000e+04,1.371852416992187500e+03
2.532928593750000000e+05,3.028381250000000000e+05,3.164640312500000000e+05,2.779153437500000000e+05,2.269897812500000000e+05,2.111901718750000000e+05,1.207116406250000000e+05,1.048585449218750000e+04
8.324315625000000000e+04,9.585595312500000000e+04,9.160707812500000000e+04,8.861364843750000000e+04,7.865264062500000000e+04,5.711036718750000000e+04,4.020948046875000000e+04,7.835917480468750000e+03
6.444711250000000000e+05,7.432353125000000000e+05,8.635407500000000000e+05,9.942905625000000000e+05,8.611700000000000000e+05,4.253502812500000000e+05,1.321825156250000000e+05,6.249437988281250000e+03
2.069805000000000000e+05,2.375330781250000000e+05,2.706898750000000000e+05,3.012943437500000000e+05,2.625584375000000000e+05,1.387173125000000000e+05,5.134068359375000000e+04,4.991379394531250000e+03
1.065566015625000000e+05,1.241190468750000000e+05,1.335518906250000000e+05,1.420535781250000000e+05,1.245363046875000000e+05,7.299107812500000000e+04,3.592192578125000000e+04,3.734888671875000000e+03
3.913515625000000000e+05,4.627964687500000000e+05,4.823025000000000000e+05,4.794979687500000000e+05,4.157426250000000000e+05,2.838139062500000000e+05,1.572470156250000000e+05,1.516927734375000000e+04
1.872287890625000000e+04,2.141901953125000000e+04,2.397858203125000000e+04,2.475954882812500000e+04,2.142761328125000000e+04,1.324664746093750000e+04,6.055928710937500000e+03,7.872931518554687500e+02
4.781302500000000000e+05,5.527332500000000000e+05,6.357010625000000000e+05,6.674829375000000000e+05,5.739172500000000000e+05,3.481371250000000000e+05,1.303780390625000000e+05,1.108458203125000000e+04
2.605532031250000000e+05,3.049215312500000000e+05,3.360786875000000000e+05,3.468597500000000000e+05,2.960877500000000000e+05,1.899151562500000000e+05,8.546966406250000000e+04,7.034159179687500000e+03
1.714555000000000000e+05,1.999748906250000000e+05,1.860240468750000000e+05,1.678630625000000000e+05,1.435438906250000000e+05,1.272069921875000000e+05,9.172884375000000000e+04,1.677404101562500000e+04
8.618415625000000000e+04,9.849832031250000000e+04,1.111985937500000000e+05,1.221370859375000000e+05,1.048059218750000000e+05,5.899278906250000000e+04,2.312700390625000000e+04,2.880136230468750000e+03
4.186452734375000000e+04,4.790993750000000000e+04,5.071307031250000000e+04,5.208248046875000000e+04,4.634898046875000000e+04,2.837286914062500000e+04,1.544022851562500000e+04,2.466236083984375000e+03
6.818164062500000000e+04,7.807932031250000000e+04,8.952454687500000000e+04,9.295309375000000000e+04,8.181065625000000000e+04,4.799373437500000000e+04,1.938525390625000000e+04,2.251446289062500000e+03
4.779698750000000000e+05,5.533013125000000000e+05,6.264841250000000000e+05,6.562878750000000000e+05,5.765236875000000000e+05,3.334626250000000000e+05,1.397873281250000000e+05,1.293908300781250000e+04
3.529006640625000000e+04,4.013617968750000000e+04,4.304256250000000000e+04,4.667950000000000000e+04,4.153344140625000000e+04,2.290803320312500000e+04,1.155976953125000000e+04,1.895205932617187500e+03
4.139063750000000000e+05,4.794865312500000000e+05,5.474220000000000000e+05,6.142040625000000000e+05,5.654276875000000000e+05,2.566182343750000000e+05,1.010336562500000000e+05,5.056593261718750000e+03
2.681762500000000000e+05,3.062258125000000000e+05,3.604064062500000000e+05,4.172655000000000000e+05,3.776640312500000000e+05,1.647271562500000000e+05,5.045525781250000000e+04,3.404132324218750000e+03
7.335084375000000000e+05,8.524630625000000000e+05,9.555668125000000000e+05,1.036257500000000000e+06,9.262040000000000000e+05,4.831796250000000000e+05,2.112909375000000000e+05,1.526030761718750000e+04
2.789276250000000000e+05,3.265951875000000000e+05,3.687042812500000000e+05,3.758230625000000000e+05,3.222010937500000000e+05,2.068920937500000000e+05,8.886720312500000000e+04,5.695621093750000000e+03
7.185714843750000000e+04,8.265679687500000000e+04,9.346733593750000000e+04,1.027566484375000000e+05,8.966983593750000000e+04,4.835999609375000000e+04,1.973837304687500000e+04,1.857379028320312500e+03
2.611280156250000000e+05,3.003332187500000000e+05,3.152276250000000000e+05,3.236459687500000000e+05,2.854725000000000000e+05,1.772291718750000000e+05,9.991796875000000000e+04,1.600981054687500000e+04
1.140586796875000000e+05,1.341290781250000000e+05,1.262114531250000000e+05,1.186153359375000000e+05,1.061162890625000000e+05,7.951412500000000000e+04,5.894317968750000000e+04,8.742021484375000000e+03
6.306113125000000000e+05,7.213456250000000000e+05,8.592904375000000000e+05,9.672317500000000000e+05,8.611305625000000000e+05,4.175601250000000000e+05,1.187962187500000000e+05,6.978949707031250000e+03
2.014510781250000000e+05,2.364014687500000000e+05,2.594770156250000000e+05,2.551664843750000000e+05,2.149210000000000000e+05,1.534663125000000000e+05,7.400072656250000000e+04,6.391645507812500000e+03
1.162833515625000000e+05,1.338598437500000000e+05,1.497825000000000000e+05,1.603342656250000000e+05,1.448884687500000000e+05,7.563778906250000000e+04,3.552489843750000000e+04,3.597715820312500000e+03
6.867921875000000000e+04,7.929095312500000000e+04,8.458330468750000000e+04,8.520056250000000000e+04,7.224150781250000000e+04,5.040046484375000000e+04,2.550650390625000000e+04,3.560984130859375000e+03
2.478844062500000000e+05,2.891605625000000000e+05,3.294959687500000000e+05,3.302108437500000000e+05,2.841413750000000000e+05,1.857421406250000000e+05,7.851603125000000000e+04,5.743759765625000000e+03
1.709842187500000000e+05,1.975375468750000000e+05,2.142168593750000000e+05,2.206490937500000000e+05,1.938298125000000000e+05,1.192057968750000000e+05,6.039757421875000000e+04,7.522130859375000000e+03
5.905385546875000000e+04,6.718564843750000000e+04,6.446105468750000000e+04,6.336337109375000000e+04,5.633886328125000000e+04,3.996564843750000000e+04,2.741055664062500000e+04,6.051746093750000000e+03
1.102722875000000000e+06,1.299061000000000000e+06,1.458339250000000000e+06,1.491001000000000000e+06,1.296340500000000000e+06,7.984278750000000000e+05,3.673057500000000000e+05,1.650913867187500000e+04
2.672899062500000000e+05,3.118293125000000000e+05,3.301710312500000000e+05,3.500626562500000000e+05,3.200530937500000000e+05,1.734445937500000000e+05,9.244681250000000000e+04,9.914493164062500000e+03
3.806262890625000000e+04,4.401082812500000000e+04,4.668354687500000000e+04,4.494160156250000000e+04,3.740998828125000000e+04,2.930614453125000000e+04,1.529304980468750000e+04,2.206679199218750000e+03
6.080482421875000000e+04,7.149821093750000000e+04,6.677270312500000000e+04,5.994032031250000000e+04,5.196259765625000000e+04,4.484121093750000000e+04,3.279226171875000000e+04,5.320898925781250000e+03
3.297989062500000000e+04,3.735083593750000000e+04,3.935537890625000000e+04,3.952040625000000000e+04,3.445842578125000000e+04,2.309287500000000000e+04,1.274382031250000000e+04,2.344771240234375000e+03
4.001933437500000000e+05,4.707215625000000000e+05,5.106266875000000000e+05,5.399733125000000000e+05,4.680336562500000000e+05,2.809528125000000000e+05,1.321205625000000000e+05,9.833976562500000000e+03
1.079094750000000000e+06,1.245740000000000000e+06,1.423331625000000000e+06,1.538718625000000000e+06,1.328465875000000000e+06,7.620771250000000000e+05,2.869402812500000000e+05,2.485168945312500000e+04
3.042463750000000000e+05,3.528813125000000000e+05,3.789572500000000000e+05,4.133668125000000000e+05,3.764121562500000000e+05,1.923022187500000000e+05,9.660197656250000000e+04,1.032338085937500000e+04
4.902455000000000000e+05,5.766382500000000000e+05,5.955555625000000000e+05,5.483453125000000000e+05,4.816273125000000000e+05,3.647390625000000000e+05,2.246096562500000000e+05,2.724621875000000000e+04
8.759013281250000000e+04,1.005713984375000000e+05,1.164087656250000000e+05,1.260790546875000000e+05,1.096662500000000000e+05,6.080258593750000000e+04,2.183608007812500000e+04,2.023694946289062500e+03
7.611907812500000000e+04,8.714798437500000000e+04,8.129284375000000000e+04,7.745115625000000000e+04,7.003207812500000000e+04,5.093087500000000000e+04,3.867124609375000000e+04,7.653814941406250000e+03
3.320602343750000000e+04,3.722398437500000000e+04,3.927139843750000000e+04,4.114730859375000000e+04,3.618427343750000000e+04,2.214385937500000000e+04,1.200247949218750000e+04,2.501381591796875000e+03
2.444990937500000000e+05,2.817502812500000000e+05,3.149395000000000000e+05,3.425068437500000000e+05,3.116913437500000000e+05,1.566882031250000000e+05,7.085672656250000000e+04,7.067500488281250000e+03
5.254901250000000000e+05,6.173870625000000000e+05,6.788399375000000000e+05,6.546278750000000000e+05,5.596440625000000000e+05,4.033786875000000000e+05,1.968204531250000000e+05,1.715369140625000000e+04
2.732429062500000000e+05,3.172892500000000000e+05,3.084100312500000000e+05,3.057685625000000000e+05,2.712293437500000000e+05,1.867495468750000000e+05,1.241566718750000000e+05,2.168630664062500000e+04
9.702625625000000000e+05,1.129984625000000000e+06,1.272022875000000000e+06,1.301847625000000000e+06,1.191683250000000000e+06,6.658814375000000000e+05,3.038574687500000000e+05,2.347908203125000000e+04
4.315434687500000000e+05,5.071562187500000000e+05,5.633925625000000000e+05,5.910736250000000000e+05,5.095781875000000000e+05,3.109812187500000000e+05,1.339409375000000000e+05,8.097493164062500000e+03
1.458498125000000000e+05,1.688131406250000000e+05,1.915969375000000000e+05,1.967624687500000000e+05,1.708306718750000000e+05,1.062952656250000000e+05,4.368318359375000000e+04,4.162234375000000000e+03
2.568621875000000000e+05,2.999543750000000000e+05,3.511965625000000000e+05,3.440746875000000000e+05,2.801205000000000000e+05,2.110173906250000000e+05,7.683575000000000000e+04,4.499389648437500000e+03
5.381317187500000000e+04,6.176448828125000000e+04,6.685846875000000000e+04,6.786332812500000000e+04,5.916917187500000000e+04,3.800857812500000000e+04,1.962336718750000000e+04,2.733869140625000000e+03
2.463714843750000000e+05,2.794351250000000000e+05,3.282567187500000000e+05,3.887244687500000000e+05,3.380998125000000000e+05,1.530278906250000000e+05,4.411626171875000000e+04,4.379397460937500000e+03
3.029583750000000000e+05,3.541479062500000000e+05,3.557050312500000000e+05,3.538670937500000000e+05,3.098786875000000000e+05,2.135405156250000000e+05,1.296563671875000000e+05,1.845236328125000000e+04
1.354769687500000000e+05,1.550742187500000000e+05,1.755180468750000000e+05,1.936164843750000000e+05,1.708399375000000000e+05,8.915193750000000000e+04,3.595660156250000000e+04,4.024760742187500000e+03
2.266778906250000000e+04,2.540031445312500000e+04,2.783185351562500000e+04,3.102065234375000000e+04,2.767526562500000000e+04,1.430302050781250000e+04,6.438830566406250000e+03,1.288624145507812500e+03
1.462482226562500000e+04,1.616238183593750000e+04,1.759835546875000000e+04,1.843474804687500000e+04,1.598948437500000000e+04,9.840395507812500000e+03,4.906855957031250000e+03,1.138453613281250000e+03
5.357958125000000000e+05,6.146911250000000000e+05,7.077495000000000000e+05,8.263240625000000000e+05,7.536868750000000000e+05,3.193942187500000000e+05,1.132023359375000000e+05,7.461547851562500000e+03
1.715671875000000000e+05,1.974888437500000000e+05,2.204294531250000000e+05,2.336975156250000000e+05,2.152658750000000000e+05,1.108919687500000000e+05,5.219139843750000000e+04,5.694864746093750000e+03
1.089668906250000000e+05,1.245486640625000000e+05,1.366231875000000000e+05,1.492814687500000000e+05,1.338851875000000000e+05,7.060206250000000000e+04,3.184503320312500000e+04,4.508600097656250000e+03
4.056610000000000000e+05,4.749005625000000000e+05,5.096904375000000000e+05,5.303111250000000000e+05,4.724622812500000000e+05,2.764918750000000000e+05,1.414340468750000000e+05,1.276662500000000000e+04
2.636120937500000000e+05,3.011575312500000000e+05,2.560186875000000000e+05,2.226595468750000000e+05,1.996958281250000000e+05,1.834880625000000000e+05,1.594799843750000000e+05,3.669821484375000000e+04
1.134318375000000000e+06,1.327235250000000000e+06,1.484739875000000000e+06,1.593345375000000000e+06,1.399741500000000000e+06,7.811776875000000000e+05,3.384560312500000000e+05,1.874802929687500000e+04
3.886166015625000000e+04,4.523690234375000000e+04,4.448385156250000000e+04,4.296925000000000000e+04,3.794807812500000000e+04,2.720445703125000000e+04,1.817204296875000000e+04,2.757572509765625000e+03
4.088378750000000000e+05,4.862967187500000000e+05,4.939284687500000000e+05,4.714379062500000000e+05,4.112610000000000000e+05,3.007836250000000000e+05,1.840376250000000000e+05,1.843048242187500000e+04
5.597181875000000000e+05,6.567916875000000000e+05,7.273231875000000000e+05,7.368890000000000000e+05,6.594308125000000000e+05,3.908931250000000000e+05,1.946089218750000000e+05,1.308145410156250000e+04
1.809337500000000000e+06,2.111952750000000000e+06,2.387503250000000000e+06,2.324426000000000000e+06,1.931108375000000000e+06,1.462858625000000000e+06,5.941353125000000000e+05,5.392119140625000000e+04
1.976814218750000000e+05,2.249984531250000000e+05,1.932570312500000000e+05,1.692670000000000000e+05,1.534656562500000000e+05,1.357555156250000000e+05,1.176516796875000000e+05,2.712154882812500000e+04
5.661321484375000000e+04,6.459291406250000000e+04,7.122308593750000000e+04,7.726857812500000000e+04,6.881775000000000000e+04,3.701621875000000000e+04,1.683016601562500000e+04,2.422829833984375000e+03
1.416965429687500000e+04,1.631741503906250000e+04,1.786607617187500000e+04,1.903064453125000000e+04,1.613596777343750000e+04,1.001487011718750000e+04,4.458602539062500000e+03,5.805438232421875000e+02
1.085867875000000000e+06,1.261355875000000000e+06,1.419467750000000000e+06,1.613124250000000000e+06,1.428290500000000000e+06,6.990194375000000000e+05,2.698870937500000000e+05,1.571249316406250000e+04
1.854651875000000000e+05,2.157198125000000000e+05,2.283331250000000000e+05,2.242270468750000000e+05,1.948090937500000000e+05,1.344331718750000000e+05,7.287807812500000000e+04,9.740138671875000000e+03
3.235120000000000000e+05,3.859320937500000000e+05,3.581375312500000000e+05,2.908816875000000000e+05,2.452636562500000000e+05,2.589036562500000000e+05,1.936584375000000000e+05,2.721284179687500000e+04
5.270737500000000000e+05,6.087510625000000000e+05,5.887788125000000000e+05,5.843073750000000000e+05,5.225708750000000000e+05,3.566131562500000000e+05,2.399172187500000000e+05,4.437660546875000000e+04
3.011108398437500000e+04,3.361404687500000000e+04,3.423186328125000000e+04,3.347883984375000000e+04,2.934440820312500000e+04,2.082792382812500000e+04,1.274655468750000000e+04,2.844851318359375000e+03
4.301704296875000000e+04,4.889296484375000000e+04,5.143873046875000000e+04,5.205913281250000000e+04,4.594410156250000000e+04,2.946882812500000000e+04,1.647922851562500000e+04,2.865527343750000000e+03
7.046807031250000000e+04,8.099634375000000000e+04,8.710736718750000000e+04,9.263250000000000000e+04,8.273305468750000000e+04,4.671143750000000000e+04,2.301690234375000000e+04,3.256597167968750000e+03
7.806053750000000000e+05,9.085193750000000000e+05,9.497834375000000000e+05,1.041287500000000000e+06,9.247710625000000000e+05,5.020954062500000000e+05,2.611766562500000000e+05,3.294995312500000000e+04
3.855339375000000000e+05,4.409640000000000000e+05,4.848382500000000000e+05,5.380613125000000000e+05,4.568511562500000000e+05,2.645073125000000000e+05,1.120761796875000000e+05,1.647803710937500000e+04
2.369852500000000000e+05,2.752409687500000000e+05,2.959763125000000000e+05,3.174054687500000000e+05,3.003894375000000000e+05,1.450994062500000000e+05,7.928026562500000000e+04,8.174047363281250000e+03
9.481523125000000000e+05,1.114470750000000000e+06,1.232552875000000000e+06,1.289523125000000000e+06,1.119700500000000000e+06,6.757095000000000000e+05,3.003617812500000000e+05,1.865709179687500000e+04
2.090529375000000000e+05,2.498718125000000000e+05,2.600873437500000000e+05,2.315844062500000000e+05,1.959215781250000000e+05,1.664626406250000000e+05,1.000899921875000000e+05,8.441800781250000000e+03
2.714586718750000000e+04,3.071731054687500000e+04,3.248683984375000000e+04,3.432534765625000000e+04,3.187516210937500000e+04,1.689283789062500000e+04,9.566343750000000000e+03,1.721939208984375000e+03
3.007043750000000000e+05,3.507415312500000000e+05,3.839687500000000000e+05,4.183037187500000000e+05,3.737785937500000000e+05,1.989440468750000000e+05,8.993972656250000000e+04,7.518317871093750000e+03
6.535806250000000000e+05,7.562367500000000000e+05,8.970938125000000000e+05,9.480699375000000000e+05,7.943655625000000000e+05,4.924349062500000000e+05,1.556513906250000000e+05,7.742011718750000000e+03
2.322421406250000000e+05,2.664802187500000000e+05,2.847613437500000000e+05,2.826326562500000000e+05,2.442721875000000000e+05,1.676743437500000000e+05,8.799300000000000000e+04,1.477490722656250000e+04
4.242430000000000000e+05,4.884516250000000000e+05,5.553048125000000000e+05,6.399949375000000000e+05,5.677351875000000000e+05,2.665977500000000000e+05,9.865257031250000000e+04,7.295057617187500000e+03
1.325413769531250000e+04,1.456041796875000000e+04,1.425398535156250000e+04,1.386971191406250000e+04,1.239523632812500000e+04,8.758225585937500000e+03,6.012164062500000000e+03,1.575979858398437500e+03
1.435475937500000000e+05,1.641211093750000000e+05,1.921897968750000000e+05,2.180721718750000000e+05,1.943374375000000000e+05,9.216582812500000000e+04,3.017004101562500000e+04,2.311506591796875000e+03
6.697748750000000000e+05,7.683670000000000000e+05,8.981471875000000000e+05,1.017476562500000000e+06,9.062176250000000000e+05,4.338084375000000000e+05,1.434248593750000000e+05,9.070968750000000000e+03
2.739464453125000000e+04,3.010836914062500000e+04,3.148473828125000000e+04,3.250483007812500000e+04,2.873387500000000000e+04,1.815612890625000000e+04,1.011150683593750000e+04,2.573108642578125000e+03
2.490625781250000000e+05,2.977281562500000000e+05,3.128151250000000000e+05,2.888477812500000000e+05,2.436630468750000000e+05,1.967100937500000000e+05,1.109394687500000000e+05,8.645349609375000000e+03
3.302413437500000000e+05,3.994696875000000000e+05,4.087000312500000000e+05,3.553169687500000000e+05,3.037094375000000000e+05,2.638615937500000000e+05,1.653789218750000000e+05,1.222099316406250000e+04
1.805989375000000000e+05,2.120050468750000000e+05,2.282197968750000000e+05,2.225610156250000000e+05,1.878030468750000000e+05,1.372823593750000000e+05,6.974981250000000000e+04,6.858688964843750000e+03
4.574905625000000000e+05,5.270891250000000000e+05,6.104510625000000000e+05,6.848306250000000000e+05,6.151223750000000000e+05,2.906198750000000000e+05,1.070322500000000000e+05,6.237875976562500000e+03
1.443497343750000000e+05,1.695732187500000000e+05,1.747252968750000000e+05,1.674997656250000000e+05,1.441940468750000000e+05,1.068014843750000000e+05,6.303885156250000000e+04,7.518039062500000000e+03
9.421510156250000000e+04,1.085336796875000000e+05,1.003235859375000000e+05,9.612307031250000000e+04,8.649569531250000000e+04,6.375518750000000000e+04,4.804556640625000000e+04,9.384610351562500000e+03
8.266345000000000000e+05,9.604935000000000000e+05,1.087181000000000000e+06,1.192216375000000000e+06,1.023714812500000000e+06,5.758225000000000000e+05,2.165420468750000000e+05,1.464188476562500000e+04
1.379802187500000000e+05,1.629950468750000000e+05,1.748254687500000000e+05,1.689779843750000000e+05,1.442994375000000000e+05,1.048499453125000000e+05,5.594106640625000000e+04,4.626836914062500000e+03
2.908276875000000000e+05,3.399600000000000000e+05,3.802977500000000000e+05,4.065445312500000000e+05,3.432608437500000000e+05,2.095674531250000000e+05,8.588018750000000000e+04,5.760591308593750000e+03
1.539349843750000000e+05,1.788803281250000000e+05,2.002519843750000000e+05,2.122756093750000000e+05,1.850122968750000000e+05,1.075475468750000000e+05,4.593904296875000000e+04,3.784361816406250000e+03
9.426182500000000000e+05,1.086219875000000000e+06,1.225977125000000000e+06,1.415505125000000000e+06,1.365391500000000000e+06,5.136139375000000000e+05,2.254713125000000000e+05,1.472440820312500000e+04
4.892788437500000000e+05,5.758075000000000000e+05,5.583652500000000000e+05,5.008747187500000000e+05,4.335421562500000000e+05,3.665950312500000000e+05,2.564979843750000000e+05,3.768798046875000000e+04
7.075556250000000000e+04,8.153780468750000000e+04,8.501715625000000000e+04,8.427921093750000000e+04,7.169192187500000000e+04,5.107750000000000000e+04,2.854573437500000000e+04,4.375578125000000000e+03
1.118134500000000000e+06,1.314197000000000000e+06,1.478062125000000000e+06,1.538956250000000000e+06,1.330841375000000000e+06,8.066685625000000000e+05,3.542128437500000000e+05,1.666316992187500000e+04
2.936169687500000000e+05,3.468593750000000000e+05,3.651078437500000000e+05,3.708533437500000000e+05,3.362132812500000000e+05,1.994360312500000000e+05,1.165980156250000000e+05,9.321736328125000000e+03
4.645461718750000000e+04,5.192742187500000000e+04,5.527009375000000000e+04,5.959263671875000000e+04,5.404280859375000000e+04,2.920121289062500000e+04,1.538957421875000000e+04,3.246704833984375000e+03
5.704045000000000000e+05,6.597936875000000000e+05,7.716501250000000000e+05,8.210931875000000000e+05,7.107467500000000000e+05,4.044992500000000000e+05,1.478735625000000000e+05,8.317284179687500000e+03
4.306730312500000000e+05,4.936697187500000000e+05,5.801455625000000000e+05,6.478258750000000000e+05,5.658575000000000000e+05,2.918826562500000000e+05,9.315755468750000000e+04,6.426144531250000000e+03
3.149269375000000000e+05,3.662050000000000000e+05,4.018306562500000000e+05,4.269730937500000000e+05,3.870727500000000000e+05,2.062472031250000000e+05,1.030310234375000000e+05,9.118443359375000000e+03
2.840577734375000000e+04,3.147140625000000000e+04,3.122875195312500000e+04,3.302256250000000000e+04,3.096570312500000000e+04,1.696056250000000000e+04,1.120362695312500000e+04,2.888981689453125000e+03
2.978898750000000000e+05,3.399572500000000000e+05,3.408508437500000000e+05,3.596206562500000000e+05,3.276051875000000000e+05,1.889953906250000000e+05,1.183144062500000000e+05,2.404817382812500000e+04
1.932588281250000000e+05,2.236284843750000000e+05,2.537055937500000000e+05,2.717680312500000000e+05,2.333329218750000000e+05,1.370181093750000000e+05,5.395220312500000000e+04,4.568337402343750000e+03
1.364309375000000000e+05,1.527591718750000000e+05,1.444834375000000000e+05,1.481879375000000000e+05,1.421261093750000000e+05,8.194206250000000000e+04,6.170702343750000000e+04,1.559569921875000000e+04
2.730474218750000000e+04,3.159927539062500000e+04,3.462929296875000000e+04,3.622633984375000000e+04,3.217376171875000000e+04,1.867808593750000000e+04,8.996230468750000000e+03,1.006124023437500000e+03
2.015064062500000000e+05,2.360955156250000000e+05,2.667083750000000000e+05,2.674598125000000000e+05,2.247336250000000000e+05,1.550591718750000000e+05,6.609232812500000000e+04,4.443523925781250000e+03
8.217660156250000000e+04,9.449322656250000000e+04,1.077586250000000000e+05,1.196441718750000000e+05,1.107311171875000000e+05,5.057296484375000000e+04,2.086719335937500000e+04,1.743009887695312500e+03
2.945515625000000000e+05,3.498605937500000000e+05,3.736689687500000000e+05,3.491398125000000000e+05,2.987873750000000000e+05,2.280110312500000000e+05,1.268293125000000000e+05,9.872692382812500000e+03
3.760542500000000000e+05,4.349131250000000000e+05,4.951638125000000000e+05,5.615020000000000000e+05,4.974488125000000000e+05,2.448334843750000000e+05,8.947167187500000000e+04,5.654654296875000000e+03
1.646118593750000000e+05,1.858230625000000000e+05,2.040615000000000000e+05,2.189755625000000000e+05,1.888494843750000000e+05,1.128560078125000000e+05,4.990938281250000000e+04,9.848224609375000000e+03
8.485730468750000000e+04,9.671571093750000000e+04,9.748159375000000000e+04,1.006934531250000000e+05,8.963739062500000000e+04,5.631515234375000000e+04,3.415160546875000000e+04,6.503969726562500000e+03
2.690369062500000000e+05,3.158441875000000000e+05,3.239178437500000000e+05,3.287345000000000000e+05,3.066777500000000000e+05,1.753916718750000000e+05,1.109529843750000000e+05,1.268704980468750000e+04
1.949737656250000000e+05,2.311660781250000000e+05,2.328831093750000000e+05,2.173514843750000000e+05,1.890974062500000000e+05,1.446044687500000000e+05,9.173457031250000000e+04,1.004611425781250000e+04
2.374275781250000000e+05,2.740106875000000000e+05,3.146481250000000000e+05,3.440940937500000000e+05,2.951298750000000000e+05,1.665932343750000000e+05,5.970373046875000000e+04,4.737962402343750000e+03
1.567298593750000000e+05,1.860801875000000000e+05,2.034935937500000000e+05,1.881918281250000000e+05,1.568027343750000000e+05,1.270734375000000000e+05,6.342900390625000000e+04,4.522514160156250000e+03
3.660171562500000000e+05,4.293656562500000000e+05,4.490929687500000000e+05,4.674945312500000000e+05,4.269086250000000000e+05,2.397188437500000000e+05,1.402941718750000000e+05,1.384453027343750000e+04
1.543534531250000000e+05,1.801558125000000000e+05,2.043919218750000000e+05,2.065077031250000000e+05,1.769721875000000000e+05,1.152352187500000000e+05,4.983607812500000000e+04,3.462059082031250000e+03
7.915888125000000000e+05,9.130770625000000000e+05,9.788719375000000000e+05,1.097600750000000000e+06,1.016754187500000000e+06,4.781865937500000000e+05,2.341671093750000000e+05,2.955093359375000000e+04
1.180179687500000000e+05,1.373696875000000000e+05,1.260981093750000000e+05,1.178227578125000000e+05,1.063595625000000000e+05,8.072660937500000000e+04,6.231731250000000000e+04,1.135779785156250000e+04
2.446832187500000000e+05,2.862616250000000000e+05,2.864381875000000000e+05,2.896131562500000000e+05,2.598699375000000000e+05,1.653704843750000000e+05,1.043291796875000000e+05,1.463452148437500000e+04
2.166696406250000000e+05,2.499867343750000000e+05,2.655237500000000000e+05,2.693583125000000000e+05,2.365149375000000000e+05,1.504694218750000000e+05,8.276696875000000000e+04,1.202740039062500000e+04
7.413653125000000000e+04,8.488973437500000000e+04,8.935169531250000000e+04,9.591279687500000000e+04,8.543894531250000000e+04,4.848433203125000000e+04,2.556735156250000000e+04,4.215349609375000000e+03
3.443195703125000000e+04,3.869619921875000000e+04,3.885773828125000000e+04,3.930471484375000000e+04,3.519809375000000000e+04,2.258132031250000000e+04,1.433507519531250000e+04,3.115692626953125000e+03
2.473044687500000000e+05,2.831813125000000000e+05,3.004368125000000000e+05,3.096605000000000000e+05,2.680315937500000000e+05,1.745012968750000000e+05,8.900917968750000000e+04,1.541276562500000000e+04
7.267049375000000000e+05,8.526766875000000000e+05,8.364910000000000000e+05,8.364848750000000000e+05,7.452928125000000000e+05,4.958404062500000000e+05,3.259831875000000000e+05,4.797611718750000000e+04
3.625001562500000000e+04,3.994178515625000000e+04,4.464233203125000000e+04,5.052278906250000000e+04,4.532800390625000000e+04,2.201481835937500000e+04,9.455924804687500000e+03,2.261645263671875000e+03
7.100695312500000000e+04,8.307350781250000000e+04,8.985335156250000000e+04,8.692145312500000000e+04,7.288489062500000000e+04,5.483391015625000000e+04,2.781605664062500000e+04,2.880629394531250000e+03
5.244560937500000000e+04,6.201826562500000000e+04,6.689877343750000000e+04,6.183355468750000000e+04,5.206201953125000000e+04,4.157868750000000000e+04,2.234996484375000000e+04,1.905114135742187500e+03
1.496361250000000000e+05,1.720061250000000000e+05,1.900299062500000000e+05,1.984704062500000000e+05,1.705897500000000000e+05,1.058992343750000000e+05,4.765577343750000000e+04,6.291330078125000000e+03
3.436472187500000000e+05,4.120547812500000000e+05,4.124855000000000000e+05,3.749574375000000000e+05,3.159577187500000000e+05,2.687609062500000000e+05,1.685944843750000000e+05,1.634601855468750000e+04
2.032067187500000000e+05,2.328118437500000000e+05,2.720548750000000000e+05,3.145488437500000000e+05,2.676790625000000000e+05,1.364947968750000000e+05,4.093478906250000000e+04,2.881500000000000000e+03
5.443751875000000000e+05,6.325617500000000000e+05,7.175406875000000000e+05,7.507681875000000000e+05,6.438019375000000000e+05,3.977597500000000000e+05,1.581200156250000000e+05,1.266964648437500000e+04
4.767971250000000000e+05,5.494080000000000000e+05,6.435130625000000000e+05,7.108311875000000000e+05,6.103903750000000000e+05,3.349842500000000000e+05,1.071284843750000000e+05,6.350580078125000000e+03
4.340530937500000000e+05,5.093247500000000000e+05,5.400443750000000000e+05,5.696712500000000000e+05,5.044302187500000000e+05,2.943181562500000000e+05,1.569040468750000000e+05,1.448799414062500000e+04
1.883997656250000000e+05,2.190980625000000000e+05,2.468337812500000000e+05,2.501783125000000000e+05,2.168086093750000000e+05,1.367160781250000000e+05,6.200495703125000000e+04,5.161385253906250000e+03
9.032213750000000000e+05,1.065579125000000000e+06,1.187723875000000000e+06,1.211826000000000000e+06,1.048032187500000000e+06,6.597123750000000000e+05,3.053011875000000000e+05,1.496700000000000000e+04
7.815147500000000000e+05,9.193468125000000000e+05,9.381270000000000000e+05,9.606114375000000000e+05,8.445983750000000000e+05,5.436906875000000000e+05,3.104350937500000000e+05,3.789953125000000000e+04
6.219319921875000000e+04,7.210414062500000000e+04,7.345224218750000000e+04,7.331001562500000000e+04,6.591662500000000000e+04,4.240639453125000000e+04,2.598635546875000000e+04,3.799411865234375000e+03
1.448572812500000000e+05,1.656179687500000000e+05,1.956119218750000000e+05,2.172024062500000000e+05,1.873544218750000000e+05,1.005755312500000000e+05,3.023066992187500000e+04,2.481790771484375000e+03
5.255269921875000000e+04,5.966360937500000000e+04,6.413674609375000000e+04,6.695453906250000000e+04,5.925657421875000000e+04,3.526876562500000000e+04,1.822290039062500000e+04,3.214381347656250000e+03
7.692427343750000000e+04,9.051160156250000000e+04,9.266978125000000000e+04,9.096295312500000000e+04,8.172731250000000000e+04,5.354067187500000000e+04,3.288985156250000000e+04,3.796556640625000000e+03
3.641985000000000000e+05,4.298867812500000000e+05,4.427886875000000000e+05,4.452108125000000000e+05,4.043648437500000000e+05,2.480971250000000000e+05,1.478752812500000000e+05,1.490159472656250000e+04
7.555649218750000000e+04,8.747617968750000000e+04,9.784075781250000000e+04,1.023300312500000000e+05,8.660235156250000000e+04,5.474403125000000000e+04,2.383455273437500000e+04,2.393375732421875000e+03
3.472161562500000000e+05,4.016989375000000000e+05,4.008231562500000000e+05,4.124394687500000000e+05,3.726332187500000000e+05,2.294934531250000000e+05,1.433866250000000000e+05,2.484324023437500000e+04
8.734269531250000000e+04,9.762157812500000000e+04,8.834747656250000000e+04,8.143794531250000000e+04,7.183157031250000000e+04,6.015634765625000000e+04,4.672517578125000000e+04,1.191584082031250000e+04
3.321730078125000000e+04,3.778176562500000000e+04,3.788578906250000000e+04,3.875617578125000000e+04,3.470989453125000000e+04,2.182836914062500000e+04,1.378203320312500000e+04,2.626845214843750000e+03
2.569753906250000000e+04,2.922323437500000000e+04,2.929560937500000000e+04,2.967772070312500000e+04,2.635196875000000000e+04,1.726043359375000000e+04,1.069689453125000000e+04,2.109529785156250000e+03
4.378842187500000000e+05,5.103945625000000000e+05,5.878240625000000000e+05,5.817184375000000000e+05,4.800929062500000000e+05,3.513228750000000000e+05,1.352825000000000000e+05,9.918220703125000000e+03
3.834588671875000000e+04,4.312320703125000000e+04,4.049683984375000000e+04,3.922189062500000000e+04,3.591714062500000000e+04,2.494255468750000000e+04,1.866965625000000000e+04,4.348532226562500000e+03
8.752044531250000000e+04,1.018012578125000000e+05,1.124934140625000000e+05,1.152773437500000000e+05,9.758359375000000000e+04,6.445619921875000000e+04,2.909895117187500000e+04,2.903825195312500000e+03
1.583751562500000000e+05,1.831731250000000000e+05,2.050194843750000000e+05,2.118170781250000000e+05,1.851118906250000000e+05,1.118171250000000000e+05,5.112516796875000000e+04,5.020290039062500000e+03
5.167685000000000000e+05,6.109215000000000000e+05,6.300266875000000000e+05,6.516747500000000000e+05,6.016788125000000000e+05,3.369960312500000000e+05,2.024926250000000000e+05,1.872249804687500000e+04
9.176387500000000000e+04,1.058555312500000000e+05,1.160881250000000000e+05,1.260418828125000000e+05,1.142544375000000000e+05,5.897392187500000000e+04,2.800179882812500000e+04,3.138614746093750000e+03
3.254222070312500000e+04,3.634090625000000000e+04,3.457870312500000000e+04,3.325033593750000000e+04,2.934110351562500000e+04,2.210597265625000000e+04,1.560618359375000000e+04,3.878490966796875000e+03
3.495929375000000000e+05,4.076745312500000000e+05,4.228204062500000000e+05,4.643548437500000000e+05,4.398244375000000000e+05,2.062821406250000000e+05,1.184185937500000000e+05,1.374071679687500000e+04
7.764754687500000000e+04,8.860021875000000000e+04,9.689060156250000000e+04,1.087039453125000000e+05,1.007753359375000000e+05,4.649309375000000000e+04,2.186944335937500000e+04,3.110435302734375000e+03
4.915227500000000000e+05,5.717542500000000000e+05,6.341191250000000000e+05,6.934463125000000000e+05,6.091715000000000000e+05,3.302233125000000000e+05,1.401798593750000000e+05,1.083661718750000000e+04
6.013373750000000000e+05,6.946421250000000000e+05,8.228929375000000000e+05,8.820405625000000000e+05,7.524197500000000000e+05,4.401647812500000000e+05,1.389960000000000000e+05,7.015915527343750000e+03
3.988294921875000000e+04,4.496767187500000000e+04,4.799209375000000000e+04,5.040558203125000000e+04,4.452328515625000000e+04,2.660653710937500000e+04,1.393005468750000000e+04,2.653298828125000000e+03
1.324412812500000000e+05,1.486778281250000000e+05,1.529919375000000000e+05,1.573482656250000000e+05,1.430373906250000000e+05,8.540202343750000000e+04,5.145683984375000000e+04,1.186557031250000000e+04
6.719992187500000000e+04,7.718560937500000000e+04,8.431236718750000000e+04,9.021400000000000000e+04,8.073896093750000000e+04,4.421571093750000000e+04,2.164185546875000000e+04,2.792822509765625000e+03
1.533770875000000000e+06,1.758441125000000000e+06,2.091664375000000000e+06,2.379165500000000000e+06,2.073692500000000000e+06,1.030408125000000000e+06,2.942355625000000000e+05,1.324668164062500000e+04
9.669161718750000000e+04,1.119889921875000000e+05,1.295835156250000000e+05,1.387802031250000000e+05,1.238324609375000000e+05,6.559822656250000000e+04,2.567122070312500000e+04,1.483599243164062500e+03
1.135268125000000000e+05,1.278387500000000000e+05,1.184472734375000000e+05,1.146007109375000000e+05,1.037651328125000000e+05,7.508941406250000000e+04,5.666998828125000000e+04,1.379995019531250000e+04
3.078270507812500000e+04,3.535920312500000000e+04,3.477587890625000000e+04,3.129802539062500000e+04,2.781055859375000000e+04,2.213899609375000000e+04,1.574587011718750000e+04,2.719494873046875000e+03
4.456439375000000000e+05,5.164825000000000000e+05,5.504148750000000000e+05,6.081778750000000000e+05,5.564077500000000000e+05,2.768234375000000000e+05,1.405449218750000000e+05,1.619705175781250000e+04
6.358767578125000000e+04,7.336028125000000000e+04,8.083225781250000000e+04,8.478921875000000000e+04,7.432896875000000000e+04,4.391363671875000000e+04,2.034895703125000000e+04,2.395525146484375000e+03
1.264390078125000000e+05,1.451215781250000000e+05,1.664743125000000000e+05,1.801802812500000000e+05,1.593963437500000000e+05,8.609101562500000000e+04,3.332974218750000000e+04,3.248333251953125000e+03
1.862115937500000000e+05,2.221366718750000000e+05,2.165056406250000000e+05,1.983379218750000000e+05,1.749576562500000000e+05,1.367674687500000000e+05,9.413098437500000000e+04,1.091917773437500000e+04
2.007041250000000000e+05,2.355723593750000000e+05,2.296892031250000000e+05,2.163084218750000000e+05,1.904594218750000000e+05,1.442955625000000000e+05,9.839420312500000000e+04,1.408235351562500000e+04
1.533581093750000000e+05,1.766016250000000000e+05,1.999182031250000000e+05,2.138095937500000000e+05,1.896294843750000000e+05,1.040990312500000000e+05,4.358698828125000000e+04,4.267433593750000000e+03
4.883003515625000000e+04,5.537985156250000000e+04,5.412742578125000000e+04,5.444227734375000000e+04,4.903345703125000000e+04,3.221834179687500000e+04,2.131614062500000000e+04,4.691020996093750000e+03
3.540728750000000000e+05,4.216750312500000000e+05,4.372379375000000000e+05,4.312513750000000000e+05,3.845289062500000000e+05,2.495641250000000000e+05,1.497239062500000000e+05,1.180512988281250000e+04
2.293208125000000000e+05,2.658720000000000000e+05,2.921370625000000000e+05,3.177576875000000000e+05,2.947402812500000000e+05,1.433958437500000000e+05,6.883178906250000000e+04,6.378402832031250000e+03
1.594926406250000000e+05,1.840510000000000000e+05,1.976892343750000000e+05,2.063485937500000000e+05,1.845273437500000000e+05,1.068715546875000000e+05,5.586715625000000000e+04,7.376599121093750000e+03
2.703348750000000000e+05,3.141725312500000000e+05,3.595989062500000000e+05,3.842555625000000000e+05,3.350542812500000000e+05,1.878008437500000000e+05,7.601444531250000000e+04,4.437447265625000000e+03
7.983207812500000000e+04,9.174819531250000000e+04,1.032336015625000000e+05,1.185363984375000000e+05,1.101704843750000000e+05,4.735178515625000000e+04,1.897719531250000000e+04,1.733333251953125000e+03
2.003124218750000000e+05,2.384095781250000000e+05,2.539429843750000000e+05,2.428427968750000000e+05,2.066337187500000000e+05,1.533651718750000000e+05,8.404449218750000000e+04,5.983017578125000000e+03
2.522512304687500000e+04,2.736619335937500000e+04,2.413258007812500000e+04,2.126221289062500000e+04,1.892013867187500000e+04,1.711195117187500000e+04,1.414419238281250000e+04,4.150819824218750000e+03
4.742765625000000000e+04,5.353923437500000000e+04,5.556949218750000000e+04,5.862669531250000000e+04,5.263872656250000000e+04,3.069754492187500000e+04,1.727491601562500000e+04,3.458182373046875000e+03
2.923878125000000000e+05,3.357368750000000000e+05,3.143665000000000000e+05,2.993122812500000000e+05,2.743889687500000000e+05,1.953365156250000000e+05,1.477892500000000000e+05,3.072594531250000000e+04
6.986912500000000000e+05,8.112175625000000000e+05,8.940351250000000000e+05,9.018073125000000000e+05,7.777096250000000000e+05,5.108603125000000000e+05,2.397547812500000000e+05,2.676828515625000000e+04
3.984458984375000000e+04,4.461962500000000000e+04,4.760264843750000000e+04,5.110275390625000000e+04,4.755422265625000000e+04,2.421662890625000000e+04,1.350342578125000000e+04,2.812518066406250000e+03
4.277138125000000000e+05,4.994882812500000000e+05,5.487279375000000000e+05,5.702779375000000000e+05,4.940746250000000000e+05,3.046537812500000000e+05,1.443054687500000000e+05,1.240093261718750000e+04
2.566085937500000000e+05,3.003883125000000000e+05,3.226062812500000000e+05,3.397733750000000000e+05,2.970319375000000000e+05,1.764834687500000000e+05,9.003449218750000000e+04,8.204818359375000000e+03
7.670329687500000000e+04,8.959707812500000000e+04,9.433648437500000000e+04,9.231668750000000000e+04,7.831160156250000000e+04,5.715435937500000000e+04,3.157711328125000000e+04,3.810782226562500000e+03
2.004685937500000000e+04,2.247014843750000000e+04,2.222132226562500000e+04,2.156527539062500000e+04,1.892749609375000000e+04,1.382356835937500000e+04,8.983473632812500000e+03,2.024180664062500000e+03
4.813419687500000000e+05,5.623002500000000000e+05,5.953688750000000000e+05,6.510298125000000000e+05,5.857731875000000000e+05,3.099755000000000000e+05,1.597955468750000000e+05,1.616148925781250000e+04
1.678343906250000000e+05,1.948673593750000000e+05,2.163225000000000000e+05,2.221139062500000000e+05,1.895122656250000000e+05,1.224500546875000000e+05,5.603958593750000000e+04,5.432193847656250000e+03
1.110630078125000000e+05,1.283527343750000000e+05,1.413668125000000000e+05,1.424653437500000000e+05,1.302817421875000000e+05,7.454537500000000000e+04,3.910955078125000000e+04,4.316749023437500000e+03
8.792526250000000000e+05,1.024325562500000000e+06,1.145053750000000000e+06,1.170544125000000000e+06,1.064313750000000000e+06,5.924954375000000000e+05,2.867509062500000000e+05,2.411158398437500000e+04
1.355792656250000000e+05,1.605508437500000000e+05,1.688690625000000000e+05,1.567119531250000000e+05,1.336208281250000000e+05,1.045139531250000000e+05,6.033254296875000000e+04,5.601724121093750000e+03
1.984101171875000000e+04,2.182558789062500000e+04,2.150635742187500000e+04,2.101946484375000000e+04,1.832500390625000000e+04,1.348709765625000000e+04,8.774353515625000000e+03,2.301692138671875000e+03
2.995676875000000000e+05,3.444780000000000000e+05,3.963112812500000000e+05,4.474586875000000000e+05,3.886818750000000000e+05,2.003268437500000000e+05,6.750078125000000000e+04,5.392111816406250000e+03
5.474520703125000000e+04,6.388239453125000000e+04,6.449053125000000000e+04,6.200532812500000000e+04,5.379250000000000000e+04,3.978033984375000000e+04,2.511772460937500000e+04,3.516029785156250000e+03
6.691867968750000000e+04,7.457822656250000000e+04,7.659184375000000000e+04,8.207435156250000000e+04,7.564653906250000000e+04,4.087328125000000000e+04,2.485742968750000000e+04,6.069562988281250000e+03
2.362525156250000000e+05,2.738394062500000000e+05,3.089232812500000000e+05,3.435810312500000000e+05,3.110932187500000000e+05,1.500114843750000000e+05,6.278174218750000000e+04,4.137000976562500000e+03
7.354965820312500000e+03,8.357107421875000000e+03,8.632096679687500000e+03,8.659664062500000000e+03,7.598129394531250000e+03,5.070795410156250000e+03,3.004996093750000000e+03,5.595447998046875000e+02
4.153119375000000000e+05,4.800985000000000000e+05,5.162244062500000000e+05,5.592209375000000000e+05,4.850298750000000000e+05,2.820819375000000000e+05,1.342615625000000000e+05,1.747060156250000000e+04
2.007748906250000000e+05,2.339537968750000000e+05,2.271365937500000000e+05,2.166978125000000000e+05,1.893944218750000000e+05,1.438018906250000000e+05,9.588324218750000000e+04,1.624216503906250000e+04
2.088433593750000000e+05,2.380614843750000000e+05,2.806331875000000000e+05,3.194493750000000000e+05,2.807435000000000000e+05,1.389134687500000000e+05,4.157310937500000000e+04,3.487592285156250000e+03
1.511839062500000000e+04,1.689684960937500000e+04,1.828563867187500000e+04,1.945982031250000000e+04,1.731405078125000000e+04,9.879135742187500000e+03,4.982283691406250000e+03,1.029530273437500000e+03
1.338904531250000000e+05,1.555452031250000000e+05,1.600070000000000000e+05,1.578530000000000000e+05,1.350594843750000000e+05,9.763100781250000000e+04,5.625460937500000000e+04,8.323263671875000000e+03
1.689089687500000000e+05,1.901032656250000000e+05,2.097603906250000000e+05,2.316153281250000000e+05,2.054017656250000000e+05,1.086626718750000000e+05,4.788308593750000000e+04,9.666576171875000000e+03
5.573955625000000000e+05,6.391215625000000000e+05,7.196381250000000000e+05,8.359818125000000000e+05,7.902704375000000000e+05,3.172162812500000000e+05,1.253725468750000000e+05,1.162126367187500000e+04
2.570525468750000000e+05,3.094285312500000000e+05,3.074469375000000000e+05,2.708498750000000000e+05,2.300871093750000000e+05,2.016737500000000000e+05,1.336945625000000000e+05,1.251667285156250000e+04
1.943546093750000000e+05,2.227721718750000000e+05,2.608479531250000000e+05,2.974800312500000000e+05,2.559317656250000000e+05,1.304967343750000000e+05,4.043864453125000000e+04,2.795449462890625000e+03
3.169109179687500000e+04,3.558267578125000000e+04,3.425308203125000000e+04,3.276021875000000000e+04,2.891326367187500000e+04,2.172622656250000000e+04,1.511856933593750000e+04,3.448542968750000000e+03
4.583115312500000000e+05,5.301963125000000000e+05,5.953694375000000000e+05,6.668866875000000000e+05,5.852108750000000000e+05,3.018121562500000000e+05,1.185291562500000000e+05,9.695750976562500000e+03
6.692593750000000000e+04,7.745013281250000000e+04,8.338555468750000000e+04,8.145876562500000000e+04,6.934025781250000000e+04,4.969722656250000000e+04,2.633792187500000000e+04,3.332867919921875000e+03
1.945160468750000000e+05,2.249779062500000000e+05,2.536647500000000000e+05,2.722101875000000000e+05,2.432174375000000000e+05,1.300229765625000000e+05,5.670010156250000000e+04,4.793525878906250000e+03
7.621636718750000000e+04,8.606404687500000000e+04,8.107424218750000000e+04,7.815321093750000000e+04,7.002524218750000000e+04,5.126563671875000000e+04,3.721706640625000000e+04,8.520738281250000000e+03
2.273038750000000000e+05,2.622597812500000000e+05,2.578491875000000000e+05,2.614543593750000000e+05,2.395251093750000000e+05,1.474798125000000000e+05,9.952425781250000000e+04,1.785353710937500000e+04
7.690475000000000000e+04,8.828714062500000000e+04,9.856328906250000000e+04,1.008540859375000000e+05,9.020428125000000000e+04,5.288457031250000000e+04,2.465755273437500000e+04,3.200684326171875000e+03
5.382716015625000000e+04,6.273855078125000000e+04,6.848881250000000000e+04,6.725876562500000000e+04,5.861024609375000000e+04,3.926964062500000000e+04,2.053862890625000000e+04,2.073080078125000000e+03
3.940992187500000000e+05,4.561986250000000000e+05,4.874251875000000000e+05,4.904496250000000000e+05,4.311145312500000000e+05,2.799667812500000000e+05,1.455012343750000000e+05,1.988165429687500000e+04
1.565401250000000000e+05,1.825358906250000000e+05,1.961652343750000000e+05,2.036309531250000000e+05,1.813150312500000000e+05,1.068888671875000000e+05,5.577318750000000000e+04,5.711981933593750000e+03
2.089540000000000000e+05,2.423142812500000000e+05,2.667279062500000000e+05,2.800586875000000000e+05,2.447673437500000000e+05,1.445690781250000000e+05,6.829837500000000000e+04,7.115875976562500000e+03
2.093925625000000000e+05,2.439396718750000000e+05,2.750348125000000000e+05,2.970040625000000000e+05,2.526187343750000000e+05,1.490950312500000000e+05,5.764597656250000000e+04,3.974530517578125000e+03
4.686618437500000000e+05,5.528944375000000000e+05,4.956372187500000000e+05,4.255509687500000000e+05,3.774340312500000000e+05,3.430249062500000000e+05,2.757725000000000000e+05,4.757214453125000000e+04
8.095819375000000000e+05,9.571960625000000000e+05,9.678196250000000000e+05,9.634585625000000000e+05,8.498366250000000000e+05,5.709786875000000000e+05,3.405362500000000000e+05,3.827028125000000000e+04
3.784419687500000000e+05,4.406817812500000000e+05,3.915767187500000000e+05,3.405280625000000000e+05,3.001564687500000000e+05,2.722122812500000000e+05,2.208296875000000000e+05,4.387466015625000000e+04
9.864546093750000000e+04,1.131188984375000000e+05,1.305648593750000000e+05,1.379480312500000000e+05,1.189392265625000000e+05,7.080969531250000000e+04,2.631564648437500000e+04,2.788758300781250000e+03
1.106547109375000000e+05,1.273048203125000000e+05,1.430516718750000000e+05,1.438993906250000000e+05,1.227247187500000000e+05,8.270476562500000000e+04,3.591403515625000000e+04,4.433949218750000000e+03
2.883722187500000000e+05,3.338450937500000000e+05,3.608364687500000000e+05,3.711655625000000000e+05,3.195372187500000000e+05,2.064335625000000000e+05,1.021668046875000000e+05,1.287261914062500000e+04
1.983896679687500000e+04,2.214763476562500000e+04,2.383804687500000000e+04,2.631713671875000000e+04,2.437735351562500000e+04,1.178961523437500000e+04,6.244733398437500000e+03,1.307675659179687500e+03
1.881526718750000000e+05,2.209489687500000000e+05,2.307881718750000000e+05,2.348794843750000000e+05,2.079137656250000000e+05,1.304114531250000000e+05,7.355750000000000000e+04,7.688932128906250000e+03
2.469148125000000000e+05,2.890530312500000000e+05,3.119438437500000000e+05,3.194366250000000000e+05,2.971765937500000000e+05,1.623041562500000000e+05,9.011776562500000000e+04,7.807590332031250000e+03
2.909944375000000000e+05,3.338903125000000000e+05,3.962984062500000000e+05,4.341776875000000000e+05,3.696876562500000000e+05,2.072455156250000000e+05,6.425756640625000000e+04,4.162127441406250000e+03
7.817173437500000000e+04,9.101068750000000000e+04,1.034154609375000000e+05,1.014609531250000000e+05,8.296671875000000000e+04,6.209346093750000000e+04,2.630203710937500000e+04,2.347378662109375000e+03
3.304115625000000000e+04,3.769926171875000000e+04,4.061244921875000000e+04,4.254113281250000000e+04,3.753858593750000000e+04,2.240073437500000000e+04,1.126576074218750000e+04,1.757757446289062500e+03
1.672561718750000000e+04,1.847268164062500000e+04,1.675772656250000000e+04,1.450742968750000000e+04,1.270786035156250000e+04,1.184430859375000000e+04,9.339069335937500000e+03,2.478578125000000000e+03
1.587734062500000000e+05,1.836179687500000000e+05,2.063922343750000000e+05,2.193457968750000000e+05,1.927117656250000000e+05,1.098477578125000000e+05,4.642228125000000000e+04,4.402778808593750000e+03
1.091868554687500000e+04,1.214563671875000000e+04,1.245757519531250000e+04,1.312477539062500000e+04,1.190046679687500000e+04,6.903807128906250000e+03,4.061548828125000000e+03,9.688070068359375000e+02
7.303666875000000000e+05,8.360418750000000000e+05,9.933856250000000000e+05,1.137172500000000000e+06,9.906800000000000000e+05,4.840154687500000000e+05,1.377661093750000000e+05,6.959683105468750000e+03
3.301241250000000000e+05,3.773927187500000000e+05,4.473638750000000000e+05,4.993026250000000000e+05,4.270358437500000000e+05,2.301537031250000000e+05,6.699252343750000000e+04,5.192114746093750000e+03
7.733460156250000000e+04,8.942676562500000000e+04,9.191904687500000000e+04,9.211125000000000000e+04,8.454507031250000000e+04,5.144576953125000000e+04,3.163188867187500000e+04,4.648091308593750000e+03
8.152075000000000000e+05,9.383292500000000000e+05,1.068944125000000000e+06,1.170587500000000000e+06,1.069194375000000000e+06,5.325194375000000000e+05,2.066912500000000000e+05,1.923740429687500000e+04
7.324915625000000000e+04,8.460101562500000000e+04,9.083487500000000000e+04,9.315628125000000000e+04,8.168909375000000000e+04,5.114704687500000000e+04,2.662495117187500000e+04,3.431326660156250000e+03
1.456594843750000000e+05,1.690207812500000000e+05,1.912150781250000000e+05,2.089550781250000000e+05,1.878653750000000000e+05,9.576870312500000000e+04,3.877088671875000000e+04,2.687982421875000000e+03
2.836473750000000000e+05,3.268893750000000000e+05,3.842246250000000000e+05,3.968241875000000000e+05,3.464790625000000000e+05,2.044011718750000000e+05,7.305805468750000000e+04,5.684088378906250000e+03
2.059517968750000000e+05,2.358573281250000000e+05,2.169410937500000000e+05,2.097959218750000000e+05,1.921320781250000000e+05,1.353962968750000000e+05,1.043824296875000000e+05,2.208320312500000000e+04
2.658013437500000000e+05,3.178070312500000000e+05,3.278284687500000000e+05,3.119313125000000000e+05,2.700009062500000000e+05,1.994054218750000000e+05,1.168334296875000000e+05,9.668113281250000000e+03
4.318573437500000000e+04,5.014979687500000000e+04,5.450274218750000000e+04,5.729900000000000000e+04,5.119315625000000000e+04,2.904428515625000000e+04,1.476431445312500000e+04,1.510168457031250000e+03
1.626995312500000000e+04,1.832393164062500000e+04,2.029238867187500000e+04,2.131607226562500000e+04,1.839083789062500000e+04,1.124181250000000000e+04,5.230398925781250000e+03,9.227241210937500000e+02
1.250217187500000000e+05,1.434609375000000000e+05,1.594935625000000000e+05,1.742727187500000000e+05,1.536706406250000000e+05,8.319621093750000000e+04,3.557282812500000000e+04,4.245561035156250000e+03
7.102258750000000000e+05,8.156623750000000000e+05,9.285413125000000000e+05,1.049810875000000000e+06,9.182480625000000000e+05,4.631839062500000000e+05,1.701059218750000000e+05,1.637865234375000000e+04
4.241738281250000000e+04,4.799530078125000000e+04,5.168499609375000000e+04,5.312007031250000000e+04,4.660754687500000000e+04,2.925327929687500000e+04,1.483931933593750000e+04,2.863474609375000000e+03
1.589759062500000000e+05,1.875147343750000000e+05,1.709117343750000000e+05,1.527257812500000000e+05,1.352105781250000000e+05,1.146179375000000000e+05,8.860109375000000000e+04,1.460045019531250000e+04
4.797405468750000000e+04,5.588982812500000000e+04,5.995205859375000000e+04,5.803523046875000000e+04,4.939737500000000000e+04,3.592545703125000000e+04,1.913845898437500000e+04,2.220823974609375000e+03
2.107968281250000000e+05,2.519146250000000000e+05,2.422172500000000000e+05,2.144092656250000000e+05,1.872765625000000000e+05,1.585777656250000000e+05,1.133054453125000000e+05,1.284717382812500000e+04
9.685292968750000000e+04,1.111065000000000000e+05,1.150682343750000000e+05,1.114777421875000000e+05,9.559244531250000000e+04,7.064351562500000000e+04,4.140508984375000000e+04,7.044052734375000000e+03
5.473923046875000000e+04,6.361688281250000000e+04,6.786024218750000000e+04,6.459388671875000000e+04,5.465577343750000000e+04,4.188256250000000000e+04,2.232194140625000000e+04,2.786394042968750000e+03
4.509807812500000000e+04,5.305995312500000000e+04,5.294201562500000000e+04,4.760394140625000000e+04,4.034733203125000000e+04,3.483750781250000000e+04,2.217310546875000000e+04,3.001928222656250000e+03
5.469939375000000000e+05,6.356265000000000000e+05,6.838684375000000000e+05,7.441891250000000000e+05,6.560153125000000000e+05,3.626003437500000000e+05,1.779373593750000000e+05,1.947933984375000000e+04
1.931786093750000000e+05,2.244558125000000000e+05,2.258300625000000000e+05,2.317728125000000000e+05,2.143848437500000000e+05,1.242577265625000000e+05,8.103285156250000000e+04,1.196048437500000000e+04
2.893362812500000000e+05,3.401961250000000000e+05,3.502776562500000000e+05,3.358765312500000000e+05,2.844336562500000000e+05,2.186194218750000000e+05,1.269332343750000000e+05,1.522262011718750000e+04
1.974866875000000000e+05,2.305012812500000000e+05,2.353475312500000000e+05,2.430099687500000000e+05,2.156869843750000000e+05,1.339600312500000000e+05,7.808774218750000000e+04,1.052290234375000000e+04
1.461992343750000000e+05,1.695176093750000000e+05,1.799548593750000000e+05,1.917573593750000000e+05,1.719150468750000000e+05,9.636669531250000000e+04,4.917994531250000000e+04,6.176099609375000000e+03
1.039074000000000000e+06,1.223050625000000000e+06,1.315472750000000000e+06,1.336000250000000000e+06,1.174055000000000000e+06,7.360091875000000000e+05,3.905994375000000000e+05,3.163746679687500000e+04
6.674396093750000000e+04,7.660155468750000000e+04,8.989624218750000000e+04,9.779965625000000000e+04,8.294860937500000000e+04,4.840807812500000000e+04,1.524670214843750000e+04,1.285450927734375000e+03
1.651709062500000000e+05,1.904498437500000000e+05,2.034689843750000000e+05,2.010708281250000000e+05,1.769402968750000000e+05,1.173160078125000000e+05,6.452913671875000000e+04,9.254188476562500000e+03
4.246696093750000000e+04,4.720284765625000000e+04,4.610460937500000000e+04,4.925027343750000000e+04,4.814628515625000000e+04,2.399073242187500000e+04,1.721970898437500000e+04,4.344723632812500000e+03
1.607447812500000000e+05,1.887993593750000000e+05,1.902324375000000000e+05,1.795311562500000000e+05,1.563252343750000000e+05,1.180092421875000000e+05,7.431381250000000000e+04,9.309693359375000000e+03
8.662250625000000000e+05,1.021968812500000000e+06,1.074772250000000000e+06,1.094450500000000000e+06,9.421912500000000000e+05,6.267408125000000000e+05,3.240366250000000000e+05,3.132389062500000000e+04
2.508004062500000000e+05,2.901104062500000000e+05,3.334436875000000000e+05,3.562214375000000000e+05,3.007680000000000000e+05,1.849685781250000000e+05,6.629029687500000000e+04,5.311525878906250000e+03
4.128472265625000000e+04,4.732678515625000000e+04,4.723516406250000000e+04,4.765679296875000000e+04,4.223146093750000000e+04,2.800867968750000000e+04,1.732180859375000000e+04,3.160415527343750000e+03
4.710910156250000000e+04,5.435874218750000000e+04,5.963231250000000000e+04,5.983281250000000000e+04,5.106645312500000000e+04,3.472173828125000000e+04,1.669540039062500000e+04,2.069598144531250000e+03
7.162512500000000000e+05,8.319649375000000000e+05,9.348751250000000000e+05,9.660555000000000000e+05,8.421685000000000000e+05,5.080146562500000000e+05,2.236227812500000000e+05,2.005375781250000000e+04
7.674722656250000000e+04,8.623650781250000000e+04,8.820545312500000000e+04,8.977147656250000000e+04,7.938097656250000000e+04,5.156973046875000000e+04,3.101274609375000000e+04,6.942858886718750000e+03
1.096963906250000000e+05,1.273139218750000000e+05,1.473232812500000000e+05,1.515223593750000000e+05,1.315967343750000000e+05,7.936770312500000000e+04,3.167516992187500000e+04,2.058860839843750000e+03
7.817478750000000000e+05,9.026258750000000000e+05,1.009203875000000000e+06,1.016115312500000000e+06,8.888439375000000000e+05,5.680628750000000000e+05,2.516860156250000000e+05,3.131206835937500000e+04
1.490654531250000000e+05,1.748957187500000000e+05,1.956839843750000000e+05,1.833156718750000000e+05,1.525210000000000000e+05,1.197707656250000000e+05,5.736494531250000000e+04,4.636064941406250000e+03
5.191742187500000000e+05,6.004648750000000000e+05,6.406416250000000000e+05,6.764692500000000000e+05,6.238156875000000000e+05,3.331830625000000000e+05,1.842495156250000000e+05,2.348851953125000000e+04
4.738465937500000000e+05,5.496153125000000000e+05,6.254135625000000000e+05,6.819155000000000000e+05,6.127453750000000000e+05,3.095316250000000000e+05,1.291175390625000000e+05,7.899551757812500000e+03
3.414755625000000000e+05,3.945211562500000000e+05,4.540370937500000000e+05,4.704393125000000000e+05,4.035859687500000000e+05,2.515607500000000000e+05,9.385675000000000000e+04,8.651539062500000000e+03
2.087039375000000000e+06,2.432293500000000000e+06,2.803234750000000000e+06,2.867628250000000000e+06,2.495917000000000000e+06,1.543067750000000000e+06,6.019433125000000000e+05,3.681354687500000000e+04
1.163125234375000000e+05,1.337405625000000000e+05,1.419637656250000000e+05,1.416328750000000000e+05,1.187959531250000000e+05,8.611355468750000000e+04,4.538427734375000000e+04,6.901666015625000000e+03
7.080755625000000000e+05,8.300721250000000000e+05,9.497254375000000000e+05,9.187127500000000000e+05,7.620094375000000000e+05,5.716791250000000000e+05,2.343851875000000000e+05,1.564300976562500000e+04
1.563182500000000000e+05,1.807657343750000000e+05,2.032830937500000000e+05,2.196311093750000000e+05,1.957426093750000000e+05,1.044549375000000000e+05,4.492891796875000000e+04,3.838560058593750000e+03
3.165437890625000000e+04,3.490436328125000000e+04,3.413013671875000000e+04,3.499346093750000000e+04,3.159947460937500000e+04,1.999562500000000000e+04,1.345911035156250000e+04,3.526849853515625000e+03
1.232408515625000000e+05,1.424150312500000000e+05,1.608984687500000000e+05,1.778632968750000000e+05,1.551951718750000000e+05,8.272570312500000000e+04,3.209966796875000000e+04,2.685570556640625000e+03
2.370335000000000000e+05,2.737071250000000000e+05,2.982927500000000000e+05,3.223013125000000000e+05,2.998590625000000000e+05,1.470637187500000000e+05,7.467870312500000000e+04,8.566854492187500000e+03
3.087767500000000000e+05,3.509405000000000000e+05,3.756416562500000000e+05,4.285551250000000000e+05,4.059112812500000000e+05,1.756424218750000000e+05,8.917115625000000000e+04,1.476716992187500000e+04
4.782637812500000000e+05,5.529596875000000000e+05,5.705420625000000000e+05,6.306894375000000000e+05,6.010887500000000000e+05,2.789177500000000000e+05,1.641432031250000000e+05,2.401546875000000000e+04
2.375518750000000000e+05,2.707655937500000000e+05,3.189341875000000000e+05,3.686228437500000000e+05,3.254776250000000000e+05,1.520541250000000000e+05,4.512061718750000000e+04,3.650753417968750000e+03
5.662820625000000000e+05,6.715416875000000000e+05,7.096563750000000000e+05,6.935425625000000000e+05,6.031783125000000000e+05,4.155491250000000000e+05,2.342611562500000000e+05,1.878783203125000000e+04
8.962231445312500000e+03,8.931782226562500000e+03,8.732905273437500000e+03,8.672515625000000000e+03,7.711063476562500000e+03,5.503225097656250000e+03,3.881166015625000000e+03,1.675909545898437500e+03
1.087048875000000000e+06,1.277084625000000000e+06,1.352241250000000000e+06,1.438740875000000000e+06,1.394892125000000000e+06,6.500451875000000000e+05,3.878518437500000000e+05,3.077190429687500000e+04
9.593363281250000000e+04,1.135516640625000000e+05,1.160596015625000000e+05,1.055626562500000000e+05,9.145005468750000000e+04,7.273242187500000000e+04,4.647993359375000000e+04,5.020551757812500000e+03
5.226164687500000000e+05,5.954779375000000000e+05,6.041221875000000000e+05,6.353991875000000000e+05,5.654571875000000000e+05,3.431138750000000000e+05,2.013777500000000000e+05,3.953953515625000000e+04
3.748406562500000000e+05,4.370167500000000000e+05,4.689505625000000000e+05,4.979248750000000000e+05,4.445112500000000000e+05,2.513617343750000000e+05,1.283449687500000000e+05,1.317581933593750000e+04
2.893321875000000000e+05,3.361524062500000000e+05,3.889558437500000000e+05,4.029998437500000000e+05,3.357356875000000000e+05,2.196877812500000000e+05,8.264726562500000000e+04,5.276657226562500000e+03
3.124063125000000000e+05,3.652930625000000000e+05,4.096026875000000000e+05,3.967730312500000000e+05,3.365119062500000000e+05,2.424243125000000000e+05,1.091280546875000000e+05,9.475083007812500000e+03
2.258537343750000000e+05,2.612350156250000000e+05,2.914356875000000000e+05,3.010398125000000000e+05,2.600294375000000000e+05,1.603073906250000000e+05,7.190595312500000000e+04,7.851999511718750000e+03
